>__exit__: /usr/lib/python3.11/contextlib.py
>>reset: <frozen codecs>
>>>reset: <frozen codecs>
<<<reset: None
<<reset: None
>>reset: <frozen codecs>
<<reset: None
>>decode: <frozen codecs>
<<decode: 
>>reset: <frozen codecs>
>>>reset: <frozen codecs>
<<<reset: None
<<reset: None
>>reset: <frozen codecs>
<<reset: None
>>reset: <frozen codecs>
>>>reset: <frozen codecs>
<<<reset: None
<<reset: None
>>reset: <frozen codecs>
<<reset: None
>>decode: <frozen codecs>
<<decode: 
>>reset: <frozen codecs>
>>>reset: <frozen codecs>
<<<reset: None
<<reset: None
>>reset: <frozen codecs>
<<reset: None
<__exit__: False
>getLogger: /usr/lib/python3.11/logging/__init__.py
<getLogger: <RootLogger root (WARNING)>
>removeHandler: /usr/lib/python3.11/logging/__init__.py
>>_acquireLock: /usr/lib/python3.11/logging/__init__.py
<<_acquireLock: None
>>_releaseLock: /usr/lib/python3.11/logging/__init__.py
<<_releaseLock: None
<removeHandler: None
>getLogger: /usr/lib/python3.11/logging/__init__.py
<getLogger: <RootLogger root (WARNING)>
>removeHandler: /usr/lib/python3.11/logging/__init__.py
>>_acquireLock: /usr/lib/python3.11/logging/__init__.py
<<_acquireLock: None
>>_releaseLock: /usr/lib/python3.11/logging/__init__.py
<<_releaseLock: None
<removeHandler: None
>__hash__: /usr/lib/python3.11/pathlib.py
<__hash__: -8452545354329954521
>__eq__: /usr/lib/python3.11/pathlib.py
>>_cparts: /usr/lib/python3.11/pathlib.py
<<_cparts: ['/', 'home', 'eugenio', 'Área de trabalho', 'Grad', 'TT', 'projetos-TT', 'analytic_shrinkage', 'nonlinshrink', 'test', 'test_analytic_shrinkage_copy.py']
>>_cparts: /usr/lib/python3.11/pathlib.py
<<_cparts: ['/', 'home', 'eugenio', 'Área de trabalho', 'Grad', 'TT', 'projetos-TT', 'analytic_shrinkage', 'nonlinshrink', 'test', 'test_analytic_shrinkage_copy.py']
<__eq__: True
>__hash__: /usr/lib/python3.11/pathlib.py
<__hash__: 5645248148157726380
>pytest_runtest_makereport: /home/eugenio/Área de trabalho/Grad/TT/projetos-TT/Analise/analise.py
<pytest_runtest_makereport: None
>cast: /usr/lib/python3.11/typing.py
<cast: None
>pytest_runtest_makereport: /home/eugenio/Área de trabalho/Grad/TT/projetos-TT/Analise/analise.py
<pytest_runtest_makereport: None
>__hash__: /usr/lib/python3.11/pathlib.py
<__hash__: -8452545354329954521
>__eq__: /usr/lib/python3.11/pathlib.py
>>_cparts: /usr/lib/python3.11/pathlib.py
<<_cparts: ['/', 'home', 'eugenio', 'Área de trabalho', 'Grad', 'TT', 'projetos-TT', 'analytic_shrinkage', 'nonlinshrink', 'test', 'test_analytic_shrinkage_copy.py']
>>_cparts: /usr/lib/python3.11/pathlib.py
<<_cparts: ['/', 'home', 'eugenio', 'Área de trabalho', 'Grad', 'TT', 'projetos-TT', 'analytic_shrinkage', 'nonlinshrink', 'test', 'test_analytic_shrinkage_copy.py']
<__eq__: True
>__hash__: /usr/lib/python3.11/pathlib.py
<__hash__: 5645248148157726380
>getLogger: /usr/lib/python3.11/logging/__init__.py
<getLogger: <RootLogger root (WARNING)>
>addHandler: /usr/lib/python3.11/logging/__init__.py
>>_acquireLock: /usr/lib/python3.11/logging/__init__.py
<<_acquireLock: None
>>_releaseLock: /usr/lib/python3.11/logging/__init__.py
<<_releaseLock: None
<addHandler: None
>getLogger: /usr/lib/python3.11/logging/__init__.py
<getLogger: <RootLogger root (WARNING)>
>addHandler: /usr/lib/python3.11/logging/__init__.py
>>_acquireLock: /usr/lib/python3.11/logging/__init__.py
<<_acquireLock: None
>>_releaseLock: /usr/lib/python3.11/logging/__init__.py
<<_releaseLock: None
<addHandler: None
>cast: /usr/lib/python3.11/typing.py
<cast: {'setup': []}
>helper: /usr/lib/python3.11/contextlib.py
>>__init__: /usr/lib/python3.11/contextlib.py
<<__init__: None
<helper: <contextlib._GeneratorContextManager object at 0x7fa477c16390>
>__enter__: /usr/lib/python3.11/contextlib.py
<__enter__: None
>cast: /usr/lib/python3.11/typing.py
<cast: None
>__setitem__: <frozen os>
>>encode: <frozen os>
<<encode: b'PYTEST_CURRENT_TEST'
>>encode: <frozen os>
<<encode: b'analytic_shrinkage/nonlinshrink/test/test_analytic_shrinkage_copy.py::test_large_p (call)'
<__setitem__: None
>__hash__: /usr/lib/python3.11/pathlib.py
<__hash__: -8452545354329954521
>__eq__: /usr/lib/python3.11/pathlib.py
>>_cparts: /usr/lib/python3.11/pathlib.py
<<_cparts: ['/', 'home', 'eugenio', 'Área de trabalho', 'Grad', 'TT', 'projetos-TT', 'analytic_shrinkage', 'nonlinshrink', 'test', 'test_analytic_shrinkage_copy.py']
>>_cparts: /usr/lib/python3.11/pathlib.py
<<_cparts: ['/', 'home', 'eugenio', 'Área de trabalho', 'Grad', 'TT', 'projetos-TT', 'analytic_shrinkage', 'nonlinshrink', 'test', 'test_analytic_shrinkage_copy.py']
<__eq__: True
>__hash__: /usr/lib/python3.11/pathlib.py
<__hash__: 5645248148157726380
>iscoroutinefunction: /usr/lib/python3.11/inspect.py
>>_has_code_flag: /usr/lib/python3.11/inspect.py
>>>ismethod: /usr/lib/python3.11/inspect.py
<<<ismethod: False
>>>_unwrap_partial: /usr/lib/python3.11/functools.py
<<<_unwrap_partial: <function test_large_p at 0x7fa479e33380>
>>>isfunction: /usr/lib/python3.11/inspect.py
<<<isfunction: True
<<_has_code_flag: False
<iscoroutinefunction: False
>isasyncgenfunction: /usr/lib/python3.11/inspect.py
>>_has_code_flag: /usr/lib/python3.11/inspect.py
>>>ismethod: /usr/lib/python3.11/inspect.py
<<<ismethod: False
>>>_unwrap_partial: /usr/lib/python3.11/functools.py
<<<_unwrap_partial: <function test_large_p at 0x7fa479e33380>
>>>isfunction: /usr/lib/python3.11/inspect.py
<<<isfunction: True
<<_has_code_flag: False
<isasyncgenfunction: False
>test_large_p: /home/eugenio/Área de trabalho/Grad/TT/projetos-TT/analytic_shrinkage/nonlinshrink/test/test_analytic_shrinkage_copy.py
>>eye: /home/eugenio/.local/lib/python3.11/site-packages/numpy/lib/twodim_base.py
<<eye: [[1. 0. 0. 0. 0. 0. 0. 0. 0. 0. 0. 0. 0.]
 [0. 1. 0. 0. 0. 0. 0. 0. 0. 0. 0. 0. 0.]
 [0. 0. 1. 0. 0. 0. 0. 0. 0. 0. 0. 0. 0.]
 [0. 0. 0. 1. 0. 0. 0. 0. 0. 0. 0. 0. 0.]
 [0. 0. 0. 0. 1. 0. 0. 0. 0. 0. 0. 0. 0.]
 [0. 0. 0. 0. 0. 1. 0. 0. 0. 0. 0. 0. 0.]
 [0. 0. 0. 0. 0. 0. 1. 0. 0. 0. 0. 0. 0.]
 [0. 0. 0. 0. 0. 0. 0. 1. 0. 0. 0. 0. 0.]
 [0. 0. 0. 0. 0. 0. 0. 0. 1. 0. 0. 0. 0.]
 [0. 0. 0. 0. 0. 0. 0. 0. 0. 1. 0. 0. 0.]
 [0. 0. 0. 0. 0. 0. 0. 0. 0. 0. 1. 0. 0.]
 [0. 0. 0. 0. 0. 0. 0. 0. 0. 0. 0. 1. 0.]
 [0. 0. 0. 0. 0. 0. 0. 0. 0. 0. 0. 0. 1.]]
>>_handle_fromlist: <frozen importlib._bootstrap>
<<_handle_fromlist: <module 'numpy.linalg' from '/home/eugenio/.local/lib/python3.11/site-packages/numpy/linalg/__init__.py'>
>>_svd_dispatcher: /home/eugenio/.local/lib/python3.11/site-packages/numpy/linalg/linalg.py
<<_svd_dispatcher: (array([[1., 0., 0., 0., 0., 0., 0., 0., 0., 0., 0., 0., 0.],
       [0., 1., 0., 0., 0., 0., 0., 0., 0., 0., 0., 0., 0.],
       [0., 0., 1., 0., 0., 0., 0., 0., 0., 0., 0., 0., 0.],
       [0., 0., 0., 1., 0., 0., 0., 0., 0., 0., 0., 0., 0.],
       [0., 0., 0., 0., 1., 0., 0., 0., 0., 0., 0., 0., 0.],
       [0., 0., 0., 0., 0., 1., 0., 0., 0., 0., 0., 0., 0.],
       [0., 0., 0., 0., 0., 0., 1., 0., 0., 0., 0., 0., 0.],
       [0., 0., 0., 0., 0., 0., 0., 1., 0., 0., 0., 0., 0.],
       [0., 0., 0., 0., 0., 0., 0., 0., 1., 0., 0., 0., 0.],
       [0., 0., 0., 0., 0., 0., 0., 0., 0., 1., 0., 0., 0.],
       [0., 0., 0., 0., 0., 0., 0., 0., 0., 0., 1., 0., 0.],
       [0., 0., 0., 0., 0., 0., 0., 0., 0., 0., 0., 1., 0.],
       [0., 0., 0., 0., 0., 0., 0., 0., 0., 0., 0., 0., 1.]]),)
>>svd: /home/eugenio/.local/lib/python3.11/site-packages/numpy/linalg/linalg.py
>>>_makearray: /home/eugenio/.local/lib/python3.11/site-packages/numpy/linalg/linalg.py
<<<_makearray: (array([[1., 0., 0., 0., 0., 0., 0., 0., 0., 0., 0., 0., 0.],
       [0., 1., 0., 0., 0., 0., 0., 0., 0., 0., 0., 0., 0.],
       [0., 0., 1., 0., 0., 0., 0., 0., 0., 0., 0., 0., 0.],
       [0., 0., 0., 1., 0., 0., 0., 0., 0., 0., 0., 0., 0.],
       [0., 0., 0., 0., 1., 0., 0., 0., 0., 0., 0., 0., 0.],
       [0., 0., 0., 0., 0., 1., 0., 0., 0., 0., 0., 0., 0.],
       [0., 0., 0., 0., 0., 0., 1., 0., 0., 0., 0., 0., 0.],
       [0., 0., 0., 0., 0., 0., 0., 1., 0., 0., 0., 0., 0.],
       [0., 0., 0., 0., 0., 0., 0., 0., 1., 0., 0., 0., 0.],
       [0., 0., 0., 0., 0., 0., 0., 0., 0., 1., 0., 0., 0.],
       [0., 0., 0., 0., 0., 0., 0., 0., 0., 0., 1., 0., 0.],
       [0., 0., 0., 0., 0., 0., 0., 0., 0., 0., 0., 1., 0.],
       [0., 0., 0., 0., 0., 0., 0., 0., 0., 0., 0., 0., 1.]]), <built-in method __array_prepare__ of numpy.ndarray object at 0x7fa477ba6370>)
>>>_assert_stacked_2d: /home/eugenio/.local/lib/python3.11/site-packages/numpy/linalg/linalg.py
<<<_assert_stacked_2d: None
>>>_commonType: /home/eugenio/.local/lib/python3.11/site-packages/numpy/linalg/linalg.py
>>>>isComplexType: /home/eugenio/.local/lib/python3.11/site-packages/numpy/linalg/linalg.py
<<<<isComplexType: False
>>>>_realType: /home/eugenio/.local/lib/python3.11/site-packages/numpy/linalg/linalg.py
<<<<_realType: <class 'numpy.float64'>
<<<_commonType: (<class 'numpy.float64'>, <class 'numpy.float64'>)
>>>get_linalg_error_extobj: /home/eugenio/.local/lib/python3.11/site-packages/numpy/linalg/linalg.py
<<<get_linalg_error_extobj: [8192, 1536, <function _raise_linalgerror_svd_nonconvergence at 0x7fa48e3ccea0>]
>>>isComplexType: /home/eugenio/.local/lib/python3.11/site-packages/numpy/linalg/linalg.py
<<<isComplexType: False
>>>_realType: /home/eugenio/.local/lib/python3.11/site-packages/numpy/linalg/linalg.py
<<<_realType: <class 'numpy.float64'>
>>><lambda>: <string>
<<<<lambda>: SVDResult(U=array([[1., 0., 0., 0., 0., 0., 0., 0., 0., 0., 0., 0., 0.],
       [0., 1., 0., 0., 0., 0., 0., 0., 0., 0., 0., 0., 0.],
       [0., 0., 1., 0., 0., 0., 0., 0., 0., 0., 0., 0., 0.],
       [0., 0., 0., 1., 0., 0., 0., 0., 0., 0., 0., 0., 0.],
       [0., 0., 0., 0., 1., 0., 0., 0., 0., 0., 0., 0., 0.],
       [0., 0., 0., 0., 0., 1., 0., 0., 0., 0., 0., 0., 0.],
       [0., 0., 0., 0., 0., 0., 1., 0., 0., 0., 0., 0., 0.],
       [0., 0., 0., 0., 0., 0., 0., 1., 0., 0., 0., 0., 0.],
       [0., 0., 0., 0., 0., 0., 0., 0., 1., 0., 0., 0., 0.],
       [0., 0., 0., 0., 0., 0., 0., 0., 0., 1., 0., 0., 0.],
       [0., 0., 0., 0., 0., 0., 0., 0., 0., 0., 1., 0., 0.],
       [0., 0., 0., 0., 0., 0., 0., 0., 0., 0., 0., 1., 0.],
       [0., 0., 0., 0., 0., 0., 0., 0., 0., 0., 0., 0., 1.]]), S=array([1., 1., 1., 1., 1., 1., 1., 1., 1., 1., 1., 1., 1.]), Vh=array([[1., 0., 0., 0., 0., 0., 0., 0., 0., 0., 0., 0., 0.],
       [0., 1., 0., 0., 0., 0., 0., 0., 0., 0., 0., 0., 0.],
       [0., 0., 1., 0., 0., 0., 0., 0., 0., 0., 0., 0., 0.],
       [0., 0., 0., 1., 0., 0., 0., 0., 0., 0., 0., 0., 0.],
       [0., 0., 0., 0., 1., 0., 0., 0., 0., 0., 0., 0., 0.],
       [0., 0., 0., 0., 0., 1., 0., 0., 0., 0., 0., 0., 0.],
       [0., 0., 0., 0., 0., 0., 1., 0., 0., 0., 0., 0., 0.],
       [0., 0., 0., 0., 0., 0., 0., 1., 0., 0., 0., 0., 0.],
       [0., 0., 0., 0., 0., 0., 0., 0., 1., 0., 0., 0., 0.],
       [0., 0., 0., 0., 0., 0., 0., 0., 0., 1., 0., 0., 0.],
       [0., 0., 0., 0., 0., 0., 0., 0., 0., 0., 1., 0., 0.],
       [0., 0., 0., 0., 0., 0., 0., 0., 0., 0., 0., 1., 0.],
       [0., 0., 0., 0., 0., 0., 0., 0., 0., 0., 0., 0., 1.]]))
<<svd: SVDResult(U=array([[1., 0., 0., 0., 0., 0., 0., 0., 0., 0., 0., 0., 0.],
       [0., 1., 0., 0., 0., 0., 0., 0., 0., 0., 0., 0., 0.],
       [0., 0., 1., 0., 0., 0., 0., 0., 0., 0., 0., 0., 0.],
       [0., 0., 0., 1., 0., 0., 0., 0., 0., 0., 0., 0., 0.],
       [0., 0., 0., 0., 1., 0., 0., 0., 0., 0., 0., 0., 0.],
       [0., 0., 0., 0., 0., 1., 0., 0., 0., 0., 0., 0., 0.],
       [0., 0., 0., 0., 0., 0., 1., 0., 0., 0., 0., 0., 0.],
       [0., 0., 0., 0., 0., 0., 0., 1., 0., 0., 0., 0., 0.],
       [0., 0., 0., 0., 0., 0., 0., 0., 1., 0., 0., 0., 0.],
       [0., 0., 0., 0., 0., 0., 0., 0., 0., 1., 0., 0., 0.],
       [0., 0., 0., 0., 0., 0., 0., 0., 0., 0., 1., 0., 0.],
       [0., 0., 0., 0., 0., 0., 0., 0., 0., 0., 0., 1., 0.],
       [0., 0., 0., 0., 0., 0., 0., 0., 0., 0., 0., 0., 1.]]), S=array([1., 1., 1., 1., 1., 1., 1., 1., 1., 1., 1., 1., 1.]), Vh=array([[1., 0., 0., 0., 0., 0., 0., 0., 0., 0., 0., 0., 0.],
       [0., 1., 0., 0., 0., 0., 0., 0., 0., 0., 0., 0., 0.],
       [0., 0., 1., 0., 0., 0., 0., 0., 0., 0., 0., 0., 0.],
       [0., 0., 0., 1., 0., 0., 0., 0., 0., 0., 0., 0., 0.],
       [0., 0., 0., 0., 1., 0., 0., 0., 0., 0., 0., 0., 0.],
       [0., 0., 0., 0., 0., 1., 0., 0., 0., 0., 0., 0., 0.],
       [0., 0., 0., 0., 0., 0., 1., 0., 0., 0., 0., 0., 0.],
       [0., 0., 0., 0., 0., 0., 0., 1., 0., 0., 0., 0., 0.],
       [0., 0., 0., 0., 0., 0., 0., 0., 1., 0., 0., 0., 0.],
       [0., 0., 0., 0., 0., 0., 0., 0., 0., 1., 0., 0., 0.],
       [0., 0., 0., 0., 0., 0., 0., 0., 0., 0., 1., 0., 0.],
       [0., 0., 0., 0., 0., 0., 0., 0., 0., 0., 0., 1., 0.],
       [0., 0., 0., 0., 0., 0., 0., 0., 0., 0., 0., 0., 1.]]))
>>dot: /home/eugenio/.local/lib/python3.11/site-packages/numpy/core/multiarray.py
<<dot: (array([[1., 0., 0., 0., 0., 0., 0., 0., 0., 0., 0., 0., 0.],
       [0., 1., 0., 0., 0., 0., 0., 0., 0., 0., 0., 0., 0.],
       [0., 0., 1., 0., 0., 0., 0., 0., 0., 0., 0., 0., 0.],
       [0., 0., 0., 1., 0., 0., 0., 0., 0., 0., 0., 0., 0.],
       [0., 0., 0., 0., 1., 0., 0., 0., 0., 0., 0., 0., 0.],
       [0., 0., 0., 0., 0., 1., 0., 0., 0., 0., 0., 0., 0.],
       [0., 0., 0., 0., 0., 0., 1., 0., 0., 0., 0., 0., 0.],
       [0., 0., 0., 0., 0., 0., 0., 1., 0., 0., 0., 0., 0.],
       [0., 0., 0., 0., 0., 0., 0., 0., 1., 0., 0., 0., 0.],
       [0., 0., 0., 0., 0., 0., 0., 0., 0., 1., 0., 0., 0.],
       [0., 0., 0., 0., 0., 0., 0., 0., 0., 0., 1., 0., 0.],
       [0., 0., 0., 0., 0., 0., 0., 0., 0., 0., 0., 1., 0.],
       [0., 0., 0., 0., 0., 0., 0., 0., 0., 0., 0., 0., 1.]]), array([[1., 0., 0., 0., 0., 0., 0., 0., 0., 0., 0., 0., 0.],
       [0., 1., 0., 0., 0., 0., 0., 0., 0., 0., 0., 0., 0.],
       [0., 0., 1., 0., 0., 0., 0., 0., 0., 0., 0., 0., 0.],
       [0., 0., 0., 1., 0., 0., 0., 0., 0., 0., 0., 0., 0.],
       [0., 0., 0., 0., 1., 0., 0., 0., 0., 0., 0., 0., 0.],
       [0., 0., 0., 0., 0., 1., 0., 0., 0., 0., 0., 0., 0.],
       [0., 0., 0., 0., 0., 0., 1., 0., 0., 0., 0., 0., 0.],
       [0., 0., 0., 0., 0., 0., 0., 1., 0., 0., 0., 0., 0.],
       [0., 0., 0., 0., 0., 0., 0., 0., 1., 0., 0., 0., 0.],
       [0., 0., 0., 0., 0., 0., 0., 0., 0., 1., 0., 0., 0.],
       [0., 0., 0., 0., 0., 0., 0., 0., 0., 0., 1., 0., 0.],
       [0., 0., 0., 0., 0., 0., 0., 0., 0., 0., 0., 1., 0.],
       [0., 0., 0., 0., 0., 0., 0., 0., 0., 0., 0., 0., 1.]]), None)
>>_allclose_dispatcher: /home/eugenio/.local/lib/python3.11/site-packages/numpy/core/numeric.py
<<_allclose_dispatcher: (array([[1., 0., 0., 0., 0., 0., 0., 0., 0., 0., 0., 0., 0.],
       [0., 1., 0., 0., 0., 0., 0., 0., 0., 0., 0., 0., 0.],
       [0., 0., 1., 0., 0., 0., 0., 0., 0., 0., 0., 0., 0.],
       [0., 0., 0., 1., 0., 0., 0., 0., 0., 0., 0., 0., 0.],
       [0., 0., 0., 0., 1., 0., 0., 0., 0., 0., 0., 0., 0.],
       [0., 0., 0., 0., 0., 1., 0., 0., 0., 0., 0., 0., 0.],
       [0., 0., 0., 0., 0., 0., 1., 0., 0., 0., 0., 0., 0.],
       [0., 0., 0., 0., 0., 0., 0., 1., 0., 0., 0., 0., 0.],
       [0., 0., 0., 0., 0., 0., 0., 0., 1., 0., 0., 0., 0.],
       [0., 0., 0., 0., 0., 0., 0., 0., 0., 1., 0., 0., 0.],
       [0., 0., 0., 0., 0., 0., 0., 0., 0., 0., 1., 0., 0.],
       [0., 0., 0., 0., 0., 0., 0., 0., 0., 0., 0., 1., 0.],
       [0., 0., 0., 0., 0., 0., 0., 0., 0., 0., 0., 0., 1.]]), array([[1., 0., 0., 0., 0., 0., 0., 0., 0., 0., 0., 0., 0.],
       [0., 1., 0., 0., 0., 0., 0., 0., 0., 0., 0., 0., 0.],
       [0., 0., 1., 0., 0., 0., 0., 0., 0., 0., 0., 0., 0.],
       [0., 0., 0., 1., 0., 0., 0., 0., 0., 0., 0., 0., 0.],
       [0., 0., 0., 0., 1., 0., 0., 0., 0., 0., 0., 0., 0.],
       [0., 0., 0., 0., 0., 1., 0., 0., 0., 0., 0., 0., 0.],
       [0., 0., 0., 0., 0., 0., 1., 0., 0., 0., 0., 0., 0.],
       [0., 0., 0., 0., 0., 0., 0., 1., 0., 0., 0., 0., 0.],
       [0., 0., 0., 0., 0., 0., 0., 0., 1., 0., 0., 0., 0.],
       [0., 0., 0., 0., 0., 0., 0., 0., 0., 1., 0., 0., 0.],
       [0., 0., 0., 0., 0., 0., 0., 0., 0., 0., 1., 0., 0.],
       [0., 0., 0., 0., 0., 0., 0., 0., 0., 0., 0., 1., 0.],
       [0., 0., 0., 0., 0., 0., 0., 0., 0., 0., 0., 0., 1.]]))
>>allclose: /home/eugenio/.local/lib/python3.11/site-packages/numpy/core/numeric.py
>>>_isclose_dispatcher: /home/eugenio/.local/lib/python3.11/site-packages/numpy/core/numeric.py
<<<_isclose_dispatcher: (array([[1., 0., 0., 0., 0., 0., 0., 0., 0., 0., 0., 0., 0.],
       [0., 1., 0., 0., 0., 0., 0., 0., 0., 0., 0., 0., 0.],
       [0., 0., 1., 0., 0., 0., 0., 0., 0., 0., 0., 0., 0.],
       [0., 0., 0., 1., 0., 0., 0., 0., 0., 0., 0., 0., 0.],
       [0., 0., 0., 0., 1., 0., 0., 0., 0., 0., 0., 0., 0.],
       [0., 0., 0., 0., 0., 1., 0., 0., 0., 0., 0., 0., 0.],
       [0., 0., 0., 0., 0., 0., 1., 0., 0., 0., 0., 0., 0.],
       [0., 0., 0., 0., 0., 0., 0., 1., 0., 0., 0., 0., 0.],
       [0., 0., 0., 0., 0., 0., 0., 0., 1., 0., 0., 0., 0.],
       [0., 0., 0., 0., 0., 0., 0., 0., 0., 1., 0., 0., 0.],
       [0., 0., 0., 0., 0., 0., 0., 0., 0., 0., 1., 0., 0.],
       [0., 0., 0., 0., 0., 0., 0., 0., 0., 0., 0., 1., 0.],
       [0., 0., 0., 0., 0., 0., 0., 0., 0., 0., 0., 0., 1.]]), array([[1., 0., 0., 0., 0., 0., 0., 0., 0., 0., 0., 0., 0.],
       [0., 1., 0., 0., 0., 0., 0., 0., 0., 0., 0., 0., 0.],
       [0., 0., 1., 0., 0., 0., 0., 0., 0., 0., 0., 0., 0.],
       [0., 0., 0., 1., 0., 0., 0., 0., 0., 0., 0., 0., 0.],
       [0., 0., 0., 0., 1., 0., 0., 0., 0., 0., 0., 0., 0.],
       [0., 0., 0., 0., 0., 1., 0., 0., 0., 0., 0., 0., 0.],
       [0., 0., 0., 0., 0., 0., 1., 0., 0., 0., 0., 0., 0.],
       [0., 0., 0., 0., 0., 0., 0., 1., 0., 0., 0., 0., 0.],
       [0., 0., 0., 0., 0., 0., 0., 0., 1., 0., 0., 0., 0.],
       [0., 0., 0., 0., 0., 0., 0., 0., 0., 1., 0., 0., 0.],
       [0., 0., 0., 0., 0., 0., 0., 0., 0., 0., 1., 0., 0.],
       [0., 0., 0., 0., 0., 0., 0., 0., 0., 0., 0., 1., 0.],
       [0., 0., 0., 0., 0., 0., 0., 0., 0., 0., 0., 0., 1.]]))
>>>isclose: /home/eugenio/.local/lib/python3.11/site-packages/numpy/core/numeric.py
>>>>result_type: /home/eugenio/.local/lib/python3.11/site-packages/numpy/core/multiarray.py
<<<<result_type: (array([[1., 0., 0., 0., 0., 0., 0., 0., 0., 0., 0., 0., 0.],
       [0., 1., 0., 0., 0., 0., 0., 0., 0., 0., 0., 0., 0.],
       [0., 0., 1., 0., 0., 0., 0., 0., 0., 0., 0., 0., 0.],
       [0., 0., 0., 1., 0., 0., 0., 0., 0., 0., 0., 0., 0.],
       [0., 0., 0., 0., 1., 0., 0., 0., 0., 0., 0., 0., 0.],
       [0., 0., 0., 0., 0., 1., 0., 0., 0., 0., 0., 0., 0.],
       [0., 0., 0., 0., 0., 0., 1., 0., 0., 0., 0., 0., 0.],
       [0., 0., 0., 0., 0., 0., 0., 1., 0., 0., 0., 0., 0.],
       [0., 0., 0., 0., 0., 0., 0., 0., 1., 0., 0., 0., 0.],
       [0., 0., 0., 0., 0., 0., 0., 0., 0., 1., 0., 0., 0.],
       [0., 0., 0., 0., 0., 0., 0., 0., 0., 0., 1., 0., 0.],
       [0., 0., 0., 0., 0., 0., 0., 0., 0., 0., 0., 1., 0.],
       [0., 0., 0., 0., 0., 0., 0., 0., 0., 0., 0., 0., 1.]]), 1.0)
>>>>_all_dispatcher: /home/eugenio/.local/lib/python3.11/site-packages/numpy/core/fromnumeric.py
<<<<_all_dispatcher: (array([[ True,  True,  True,  True,  True,  True,  True,  True,  True,
         True,  True,  True,  True],
       [ True,  True,  True,  True,  True,  True,  True,  True,  True,
         True,  True,  True,  True],
       [ True,  True,  True,  True,  True,  True,  True,  True,  True,
         True,  True,  True,  True],
       [ True,  True,  True,  True,  True,  True,  True,  True,  True,
         True,  True,  True,  True],
       [ True,  True,  True,  True,  True,  True,  True,  True,  True,
         True,  True,  True,  True],
       [ True,  True,  True,  True,  True,  True,  True,  True,  True,
         True,  True,  True,  True],
       [ True,  True,  True,  True,  True,  True,  True,  True,  True,
         True,  True,  True,  True],
       [ True,  True,  True,  True,  True,  True,  True,  True,  True,
         True,  True,  True,  True],
       [ True,  True,  True,  True,  True,  True,  True,  True,  True,
         True,  True,  True,  True],
       [ True,  True,  True,  True,  True,  True,  True,  True,  True,
         True,  True,  True,  True],
       [ True,  True,  True,  True,  True,  True,  True,  True,  True,
         True,  True,  True,  True],
       [ True,  True,  True,  True,  True,  True,  True,  True,  True,
         True,  True,  True,  True],
       [ True,  True,  True,  True,  True,  True,  True,  True,  True,
         True,  True,  True,  True]]), None, None)
>>>>all: /home/eugenio/.local/lib/python3.11/site-packages/numpy/core/fromnumeric.py
>>>>>_wrapreduction: /home/eugenio/.local/lib/python3.11/site-packages/numpy/core/fromnumeric.py
>>>>>><dictcomp>: /home/eugenio/.local/lib/python3.11/site-packages/numpy/core/fromnumeric.py
<<<<<<<dictcomp>: {}
<<<<<_wrapreduction: True
<<<<all: True
>>>>_all_dispatcher: /home/eugenio/.local/lib/python3.11/site-packages/numpy/core/fromnumeric.py
<<<<_all_dispatcher: (array([[ True,  True,  True,  True,  True,  True,  True,  True,  True,
         True,  True,  True,  True],
       [ True,  True,  True,  True,  True,  True,  True,  True,  True,
         True,  True,  True,  True],
       [ True,  True,  True,  True,  True,  True,  True,  True,  True,
         True,  True,  True,  True],
       [ True,  True,  True,  True,  True,  True,  True,  True,  True,
         True,  True,  True,  True],
       [ True,  True,  True,  True,  True,  True,  True,  True,  True,
         True,  True,  True,  True],
       [ True,  True,  True,  True,  True,  True,  True,  True,  True,
         True,  True,  True,  True],
       [ True,  True,  True,  True,  True,  True,  True,  True,  True,
         True,  True,  True,  True],
       [ True,  True,  True,  True,  True,  True,  True,  True,  True,
         True,  True,  True,  True],
       [ True,  True,  True,  True,  True,  True,  True,  True,  True,
         True,  True,  True,  True],
       [ True,  True,  True,  True,  True,  True,  True,  True,  True,
         True,  True,  True,  True],
       [ True,  True,  True,  True,  True,  True,  True,  True,  True,
         True,  True,  True,  True],
       [ True,  True,  True,  True,  True,  True,  True,  True,  True,
         True,  True,  True,  True],
       [ True,  True,  True,  True,  True,  True,  True,  True,  True,
         True,  True,  True,  True]]), None, None)
>>>>all: /home/eugenio/.local/lib/python3.11/site-packages/numpy/core/fromnumeric.py
>>>>>_wrapreduction: /home/eugenio/.local/lib/python3.11/site-packages/numpy/core/fromnumeric.py
>>>>>><dictcomp>: /home/eugenio/.local/lib/python3.11/site-packages/numpy/core/fromnumeric.py
<<<<<<<dictcomp>: {}
<<<<<_wrapreduction: True
<<<<all: True
>>>>within_tol: /home/eugenio/.local/lib/python3.11/site-packages/numpy/core/numeric.py
>>>>>__init__: /home/eugenio/.local/lib/python3.11/site-packages/numpy/core/_ufunc_config.py
<<<<<__init__: None
>>>>>__enter__: /home/eugenio/.local/lib/python3.11/site-packages/numpy/core/_ufunc_config.py
>>>>>>seterr: /home/eugenio/.local/lib/python3.11/site-packages/numpy/core/_ufunc_config.py
>>>>>>>geterr: /home/eugenio/.local/lib/python3.11/site-packages/numpy/core/_ufunc_config.py
<<<<<<<geterr: {'divide': 'warn', 'over': 'warn', 'under': 'ignore', 'invalid': 'warn'}
<<<<<<seterr: {'divide': 'warn', 'over': 'warn', 'under': 'ignore', 'invalid': 'warn'}
<<<<<__enter__: None
>>>>>helper: /usr/lib/python3.11/contextlib.py
>>>>>>__init__: /usr/lib/python3.11/contextlib.py
<<<<<<__init__: None
<<<<<helper: <contextlib._GeneratorContextManager object at 0x7fa4778866d0>
>>>>>__enter__: /usr/lib/python3.11/contextlib.py
>>>>>>_no_nep50_warning: /home/eugenio/.local/lib/python3.11/site-packages/numpy/core/_ufunc_config.py
<<<<<<_no_nep50_warning: None
<<<<<__enter__: None
>>>>>__exit__: /usr/lib/python3.11/contextlib.py
>>>>>>_no_nep50_warning: /home/eugenio/.local/lib/python3.11/site-packages/numpy/core/_ufunc_config.py
<<<<<<_no_nep50_warning: None
<<<<<__exit__: False
>>>>>__exit__: /home/eugenio/.local/lib/python3.11/site-packages/numpy/core/_ufunc_config.py
>>>>>>seterr: /home/eugenio/.local/lib/python3.11/site-packages/numpy/core/_ufunc_config.py
>>>>>>>geterr: /home/eugenio/.local/lib/python3.11/site-packages/numpy/core/_ufunc_config.py
<<<<<<<geterr: {'divide': 'warn', 'over': 'warn', 'under': 'ignore', 'invalid': 'ignore'}
<<<<<<seterr: {'divide': 'warn', 'over': 'warn', 'under': 'ignore', 'invalid': 'ignore'}
<<<<<__exit__: None
<<<<within_tol: [[ True  True  True  True  True  True  True  True  True  True  True  True
   True]
 [ True  True  True  True  True  True  True  True  True  True  True  True
   True]
 [ True  True  True  True  True  True  True  True  True  True  True  True
   True]
 [ True  True  True  True  True  True  True  True  True  True  True  True
   True]
 [ True  True  True  True  True  True  True  True  True  True  True  True
   True]
 [ True  True  True  True  True  True  True  True  True  True  True  True
   True]
 [ True  True  True  True  True  True  True  True  True  True  True  True
   True]
 [ True  True  True  True  True  True  True  True  True  True  True  True
   True]
 [ True  True  True  True  True  True  True  True  True  True  True  True
   True]
 [ True  True  True  True  True  True  True  True  True  True  True  True
   True]
 [ True  True  True  True  True  True  True  True  True  True  True  True
   True]
 [ True  True  True  True  True  True  True  True  True  True  True  True
   True]
 [ True  True  True  True  True  True  True  True  True  True  True  True
   True]]
<<<isclose: [[ True  True  True  True  True  True  True  True  True  True  True  True
   True]
 [ True  True  True  True  True  True  True  True  True  True  True  True
   True]
 [ True  True  True  True  True  True  True  True  True  True  True  True
   True]
 [ True  True  True  True  True  True  True  True  True  True  True  True
   True]
 [ True  True  True  True  True  True  True  True  True  True  True  True
   True]
 [ True  True  True  True  True  True  True  True  True  True  True  True
   True]
 [ True  True  True  True  True  True  True  True  True  True  True  True
   True]
 [ True  True  True  True  True  True  True  True  True  True  True  True
   True]
 [ True  True  True  True  True  True  True  True  True  True  True  True
   True]
 [ True  True  True  True  True  True  True  True  True  True  True  True
   True]
 [ True  True  True  True  True  True  True  True  True  True  True  True
   True]
 [ True  True  True  True  True  True  True  True  True  True  True  True
   True]
 [ True  True  True  True  True  True  True  True  True  True  True  True
   True]]
>>>_all_dispatcher: /home/eugenio/.local/lib/python3.11/site-packages/numpy/core/fromnumeric.py
<<<_all_dispatcher: (array([[ True,  True,  True,  True,  True,  True,  True,  True,  True,
         True,  True,  True,  True],
       [ True,  True,  True,  True,  True,  True,  True,  True,  True,
         True,  True,  True,  True],
       [ True,  True,  True,  True,  True,  True,  True,  True,  True,
         True,  True,  True,  True],
       [ True,  True,  True,  True,  True,  True,  True,  True,  True,
         True,  True,  True,  True],
       [ True,  True,  True,  True,  True,  True,  True,  True,  True,
         True,  True,  True,  True],
       [ True,  True,  True,  True,  True,  True,  True,  True,  True,
         True,  True,  True,  True],
       [ True,  True,  True,  True,  True,  True,  True,  True,  True,
         True,  True,  True,  True],
       [ True,  True,  True,  True,  True,  True,  True,  True,  True,
         True,  True,  True,  True],
       [ True,  True,  True,  True,  True,  True,  True,  True,  True,
         True,  True,  True,  True],
       [ True,  True,  True,  True,  True,  True,  True,  True,  True,
         True,  True,  True,  True],
       [ True,  True,  True,  True,  True,  True,  True,  True,  True,
         True,  True,  True,  True],
       [ True,  True,  True,  True,  True,  True,  True,  True,  True,
         True,  True,  True,  True],
       [ True,  True,  True,  True,  True,  True,  True,  True,  True,
         True,  True,  True,  True]]), None, None)
>>>all: /home/eugenio/.local/lib/python3.11/site-packages/numpy/core/fromnumeric.py
>>>>_wrapreduction: /home/eugenio/.local/lib/python3.11/site-packages/numpy/core/fromnumeric.py
>>>>><dictcomp>: /home/eugenio/.local/lib/python3.11/site-packages/numpy/core/fromnumeric.py
<<<<<<dictcomp>: {}
<<<<_wrapreduction: True
<<<all: True
<<allclose: True
>>dot: /home/eugenio/.local/lib/python3.11/site-packages/numpy/core/multiarray.py
<<dot: (array([[ 0.19285729,  0.77741041,  0.16242694, -0.42882267, -1.68351276,
        -0.67478219, -1.59447117,  0.08116195, -0.18061693,  0.71730431,
        -0.2714304 , -0.56182099, -0.71296537],
       [ 0.73016863,  0.38483891, -1.2070941 ,  0.52750888,  0.5688163 ,
        -0.78865308, -0.23351404, -1.63536113, -1.19448003, -1.03424238,
         1.12315099,  0.71877883, -0.76366894],
       [-2.67680192,  0.97686876, -1.20065051,  0.51129618, -1.63709346,
        -0.08071059,  0.60864486,  0.17253291, -0.49866504, -0.0645729 ,
         1.11669809, -0.21201823, -0.13972065],
       [-0.53123911,  0.64626856, -0.83767793,  0.64476775,  1.86682899,
         1.19222691, -0.22449379, -1.01179765,  0.60037412,  2.03931226,
         0.96270138, -0.82694312,  1.52068991],
       [ 0.37795029,  0.12416362,  0.32367346, -0.33004991,  0.30360667,
        -1.30105975, -1.56167823,  0.1857097 ,  0.74727643, -0.05186858,
         0.90625697, -0.94914899, -1.17887379],
       [-0.8634115 ,  0.26730868,  0.43496261,  1.13653636,  0.38719791,
         0.29184296,  0.99380162, -0.11318525, -1.24782465,  0.94228768,
         1.8013216 , -0.36619809,  1.00751903],
       [ 1.45123257, -1.08072753,  0.24884363,  2.16562945,  0.21663815,
         0.80515667, -0.06321686, -0.80082759,  1.33864536, -1.94256588,
         1.42208193,  1.60508856, -0.69724296],
       [-0.78041749,  1.25150317, -0.07672117, -1.1959562 ,  0.01984932,
        -0.24657849, -0.19442053,  2.02043419,  0.75607472,  0.79547174,
        -2.02606927,  0.48876178, -0.18047058],
       [ 1.66879348, -1.92016495,  0.83245249,  0.01306656, -0.58153134,
         0.36444911,  0.54480989,  2.17887429, -0.16049211,  0.94148191,
         1.2862787 ,  0.04847028,  1.4659044 ],
       [-0.96862282,  1.16465079, -0.8395349 ,  0.42395354,  1.34209604,
         0.34692173, -1.49633382, -0.12179865, -1.36204719, -0.62013124,
         1.63552567, -0.84797215,  0.10631531],
       [ 1.30608595,  1.04028093, -0.9887256 , -0.75275654,  0.68439021,
        -0.89787353,  0.60480503,  1.47793434, -0.01495666,  0.23304631,
         0.97286109,  0.02708556, -0.15599036],
       [ 0.94940734, -0.45823251,  0.38222303, -1.34513252,  1.96141697,
        -0.26503274, -0.34055424, -0.0217959 ,  0.45992519,  0.29184047,
         0.78774794, -0.30383097, -2.44424914]]), array([[1., 0., 0., 0., 0., 0., 0., 0., 0., 0., 0., 0., 0.],
       [0., 1., 0., 0., 0., 0., 0., 0., 0., 0., 0., 0., 0.],
       [0., 0., 1., 0., 0., 0., 0., 0., 0., 0., 0., 0., 0.],
       [0., 0., 0., 1., 0., 0., 0., 0., 0., 0., 0., 0., 0.],
       [0., 0., 0., 0., 1., 0., 0., 0., 0., 0., 0., 0., 0.],
       [0., 0., 0., 0., 0., 1., 0., 0., 0., 0., 0., 0., 0.],
       [0., 0., 0., 0., 0., 0., 1., 0., 0., 0., 0., 0., 0.],
       [0., 0., 0., 0., 0., 0., 0., 1., 0., 0., 0., 0., 0.],
       [0., 0., 0., 0., 0., 0., 0., 0., 1., 0., 0., 0., 0.],
       [0., 0., 0., 0., 0., 0., 0., 0., 0., 1., 0., 0., 0.],
       [0., 0., 0., 0., 0., 0., 0., 0., 0., 0., 1., 0., 0.],
       [0., 0., 0., 0., 0., 0., 0., 0., 0., 0., 0., 1., 0.],
       [0., 0., 0., 0., 0., 0., 0., 0., 0., 0., 0., 0., 1.]]), None)
>>shrink_cov: /home/eugenio/Área de trabalho/Grad/TT/projetos-TT/analytic_shrinkage/nonlinshrink/nonlinshrink.py
>>>dot: /home/eugenio/.local/lib/python3.11/site-packages/numpy/core/multiarray.py
<<<dot: (array([[ 0.19285729,  0.73016863, -2.67680192, -0.53123911,  0.37795029,
        -0.8634115 ,  1.45123257, -0.78041749,  1.66879348, -0.96862282,
         1.30608595,  0.94940734],
       [ 0.77741041,  0.38483891,  0.97686876,  0.64626856,  0.12416362,
         0.26730868, -1.08072753,  1.25150317, -1.92016495,  1.16465079,
         1.04028093, -0.45823251],
       [ 0.16242694, -1.2070941 , -1.20065051, -0.83767793,  0.32367346,
         0.43496261,  0.24884363, -0.07672117,  0.83245249, -0.8395349 ,
        -0.9887256 ,  0.38222303],
       [-0.42882267,  0.52750888,  0.51129618,  0.64476775, -0.33004991,
         1.13653636,  2.16562945, -1.1959562 ,  0.01306656,  0.42395354,
        -0.75275654, -1.34513252],
       [-1.68351276,  0.5688163 , -1.63709346,  1.86682899,  0.30360667,
         0.38719791,  0.21663815,  0.01984932, -0.58153134,  1.34209604,
         0.68439021,  1.96141697],
       [-0.67478219, -0.78865308, -0.08071059,  1.19222691, -1.30105975,
         0.29184296,  0.80515667, -0.24657849,  0.36444911,  0.34692173,
        -0.89787353, -0.26503274],
       [-1.59447117, -0.23351404,  0.60864486, -0.22449379, -1.56167823,
         0.99380162, -0.06321686, -0.19442053,  0.54480989, -1.49633382,
         0.60480503, -0.34055424],
       [ 0.08116195, -1.63536113,  0.17253291, -1.01179765,  0.1857097 ,
        -0.11318525, -0.80082759,  2.02043419,  2.17887429, -0.12179865,
         1.47793434, -0.0217959 ],
       [-0.18061693, -1.19448003, -0.49866504,  0.60037412,  0.74727643,
        -1.24782465,  1.33864536,  0.75607472, -0.16049211, -1.36204719,
        -0.01495666,  0.45992519],
       [ 0.71730431, -1.03424238, -0.0645729 ,  2.03931226, -0.05186858,
         0.94228768, -1.94256588,  0.79547174,  0.94148191, -0.62013124,
         0.23304631,  0.29184047],
       [-0.2714304 ,  1.12315099,  1.11669809,  0.96270138,  0.90625697,
         1.8013216 ,  1.42208193, -2.02606927,  1.2862787 ,  1.63552567,
         0.97286109,  0.78774794],
       [-0.56182099,  0.71877883, -0.21201823, -0.82694312, -0.94914899,
        -0.36619809,  1.60508856,  0.48876178,  0.04847028, -0.84797215,
         0.02708556, -0.30383097],
       [-0.71296537, -0.76366894, -0.13972065,  1.52068991, -1.17887379,
         1.00751903, -0.69724296, -0.18047058,  1.4659044 ,  0.10631531,
        -0.15599036, -2.44424914]]), array([[ 0.19285729,  0.77741041,  0.16242694, -0.42882267, -1.68351276,
        -0.67478219, -1.59447117,  0.08116195, -0.18061693,  0.71730431,
        -0.2714304 , -0.56182099, -0.71296537],
       [ 0.73016863,  0.38483891, -1.2070941 ,  0.52750888,  0.5688163 ,
        -0.78865308, -0.23351404, -1.63536113, -1.19448003, -1.03424238,
         1.12315099,  0.71877883, -0.76366894],
       [-2.67680192,  0.97686876, -1.20065051,  0.51129618, -1.63709346,
        -0.08071059,  0.60864486,  0.17253291, -0.49866504, -0.0645729 ,
         1.11669809, -0.21201823, -0.13972065],
       [-0.53123911,  0.64626856, -0.83767793,  0.64476775,  1.86682899,
         1.19222691, -0.22449379, -1.01179765,  0.60037412,  2.03931226,
         0.96270138, -0.82694312,  1.52068991],
       [ 0.37795029,  0.12416362,  0.32367346, -0.33004991,  0.30360667,
        -1.30105975, -1.56167823,  0.1857097 ,  0.74727643, -0.05186858,
         0.90625697, -0.94914899, -1.17887379],
       [-0.8634115 ,  0.26730868,  0.43496261,  1.13653636,  0.38719791,
         0.29184296,  0.99380162, -0.11318525, -1.24782465,  0.94228768,
         1.8013216 , -0.36619809,  1.00751903],
       [ 1.45123257, -1.08072753,  0.24884363,  2.16562945,  0.21663815,
         0.80515667, -0.06321686, -0.80082759,  1.33864536, -1.94256588,
         1.42208193,  1.60508856, -0.69724296],
       [-0.78041749,  1.25150317, -0.07672117, -1.1959562 ,  0.01984932,
        -0.24657849, -0.19442053,  2.02043419,  0.75607472,  0.79547174,
        -2.02606927,  0.48876178, -0.18047058],
       [ 1.66879348, -1.92016495,  0.83245249,  0.01306656, -0.58153134,
         0.36444911,  0.54480989,  2.17887429, -0.16049211,  0.94148191,
         1.2862787 ,  0.04847028,  1.4659044 ],
       [-0.96862282,  1.16465079, -0.8395349 ,  0.42395354,  1.34209604,
         0.34692173, -1.49633382, -0.12179865, -1.36204719, -0.62013124,
         1.63552567, -0.84797215,  0.10631531],
       [ 1.30608595,  1.04028093, -0.9887256 , -0.75275654,  0.68439021,
        -0.89787353,  0.60480503,  1.47793434, -0.01495666,  0.23304631,
         0.97286109,  0.02708556, -0.15599036],
       [ 0.94940734, -0.45823251,  0.38222303, -1.34513252,  1.96141697,
        -0.26503274, -0.34055424, -0.0217959 ,  0.45992519,  0.29184047,
         0.78774794, -0.30383097, -2.44424914]]), None)
>>>_eigvalsh_dispatcher: /home/eugenio/.local/lib/python3.11/site-packages/numpy/linalg/linalg.py
<<<_eigvalsh_dispatcher: (array([[ 1.4959678 , -0.72208762,  0.35421232, -0.09063738,  0.33717089,
        -0.13819004, -0.04592672,  0.1658219 ,  0.35749458, -0.25393184,
         0.19001565,  0.33148747, -0.29137035],
       [-0.72208762,  0.94009272, -0.50340908, -0.20721686,  0.07851375,
        -0.20892223, -0.24890012, -0.03691189, -0.24541032,  0.19445954,
        -0.12151713, -0.26280562, -0.09037107],
       [ 0.35421232, -0.50340908,  0.54249664, -0.07976148, -0.14808532,
         0.05535496,  0.0323124 ,  0.22755622,  0.22358367,  0.06402641,
        -0.24366577,  0.04109535, -0.00433743],
       [-0.09063738, -0.20721686, -0.07976148,  0.93467875, -0.03485529,
         0.38205674,  0.15359301, -0.57571524, -0.10645936, -0.37167179,
         0.67247843,  0.23304071,  0.37678915],
       [ 0.33717089,  0.07851375, -0.14808532, -0.03485529,  1.33893875,
         0.17100601, -0.12916669, -0.31840059,  0.06397687,  0.11775605,
         0.49694146, -0.13818042, -0.15830563],
       [-0.13819004, -0.20892223,  0.05535496,  0.38205674,  0.17100601,
         0.51015233,  0.20740718, -0.1643565 ,  0.06128529,  0.09931907,
         0.10834156,  0.07691629,  0.46479831],
       [-0.04592672, -0.24890012,  0.0323124 ,  0.15359301, -0.12916669,
         0.20740718,  0.79196571,  0.17587841, -0.06042721,  0.08905685,
        -0.00945347,  0.26012618,  0.4323147 ],
       [ 0.1658219 , -0.03691189,  0.22755622, -0.57571524, -0.31840059,
        -0.1643565 ,  0.17587841,  1.28769721,  0.14707621,  0.4322172 ,
        -0.32367114, -0.04984193,  0.20773777],
       [ 0.35749458, -0.24541032,  0.22358367, -0.10645936,  0.06397687,
         0.06128529, -0.06042721,  0.14707621,  0.72002624, -0.0022399 ,
        -0.37970713,  0.17708931, -0.22385463],
       [-0.25393184,  0.19445954,  0.06402641, -0.37167179,  0.11775605,
         0.09931907,  0.08905685,  0.4322172 , -0.0022399 ,  1.0378761 ,
        -0.12796617, -0.44624915,  0.51454159],
       [ 0.19001565, -0.12151713, -0.24366577,  0.67247843,  0.49694146,
         0.10834156, -0.00945347, -0.32367114, -0.37970713, -0.12796617,
         1.63322906, -0.15317534,  0.06221631],
       [ 0.33148747, -0.26280562,  0.04109535,  0.23304071, -0.13818042,
         0.07691629,  0.26012618, -0.04984193,  0.17708931, -0.44624915,
        -0.15317534,  0.51880898, -0.09285879],
       [-0.29137035, -0.09037107, -0.00433743,  0.37678915, -0.15830563,
         0.46479831,  0.4323147 ,  0.20773777, -0.22385463,  0.51454159,
         0.06221631, -0.09285879,  1.2088292 ]]),)
>>>eigh: /home/eugenio/.local/lib/python3.11/site-packages/numpy/linalg/linalg.py
>>>>_makearray: /home/eugenio/.local/lib/python3.11/site-packages/numpy/linalg/linalg.py
<<<<_makearray: (array([[ 1.4959678 , -0.72208762,  0.35421232, -0.09063738,  0.33717089,
        -0.13819004, -0.04592672,  0.1658219 ,  0.35749458, -0.25393184,
         0.19001565,  0.33148747, -0.29137035],
       [-0.72208762,  0.94009272, -0.50340908, -0.20721686,  0.07851375,
        -0.20892223, -0.24890012, -0.03691189, -0.24541032,  0.19445954,
        -0.12151713, -0.26280562, -0.09037107],
       [ 0.35421232, -0.50340908,  0.54249664, -0.07976148, -0.14808532,
         0.05535496,  0.0323124 ,  0.22755622,  0.22358367,  0.06402641,
        -0.24366577,  0.04109535, -0.00433743],
