>__exit__: /usr/lib/python3.11/contextlib.py
>>reset: <frozen codecs>
>>>reset: <frozen codecs>
<<<reset: None
<<reset: None
>>reset: <frozen codecs>
<<reset: None
>>decode: <frozen codecs>
<<decode: 
>>reset: <frozen codecs>
>>>reset: <frozen codecs>
<<<reset: None
<<reset: None
>>reset: <frozen codecs>
<<reset: None
>>reset: <frozen codecs>
>>>reset: <frozen codecs>
<<<reset: None
<<reset: None
>>reset: <frozen codecs>
<<reset: None
>>decode: <frozen codecs>
<<decode: 
>>reset: <frozen codecs>
>>>reset: <frozen codecs>
<<<reset: None
<<reset: None
>>reset: <frozen codecs>
<<reset: None
<__exit__: False
>getLogger: /usr/lib/python3.11/logging/__init__.py
<getLogger: <RootLogger root (WARNING)>
>removeHandler: /usr/lib/python3.11/logging/__init__.py
>>_acquireLock: /usr/lib/python3.11/logging/__init__.py
<<_acquireLock: None
>>_releaseLock: /usr/lib/python3.11/logging/__init__.py
<<_releaseLock: None
<removeHandler: None
>getLogger: /usr/lib/python3.11/logging/__init__.py
<getLogger: <RootLogger root (WARNING)>
>removeHandler: /usr/lib/python3.11/logging/__init__.py
>>_acquireLock: /usr/lib/python3.11/logging/__init__.py
<<_acquireLock: None
>>_releaseLock: /usr/lib/python3.11/logging/__init__.py
<<_releaseLock: None
<removeHandler: None
>__hash__: /usr/lib/python3.11/pathlib.py
<__hash__: -8452545354329954521
>__eq__: /usr/lib/python3.11/pathlib.py
>>_cparts: /usr/lib/python3.11/pathlib.py
<<_cparts: ['/', 'home', 'eugenio', 'Área de trabalho', 'Grad', 'TT', 'projetos-TT', 'analytic_shrinkage', 'nonlinshrink', 'test', 'test_analytic_shrinkage_copy.py']
>>_cparts: /usr/lib/python3.11/pathlib.py
<<_cparts: ['/', 'home', 'eugenio', 'Área de trabalho', 'Grad', 'TT', 'projetos-TT', 'analytic_shrinkage', 'nonlinshrink', 'test', 'test_analytic_shrinkage_copy.py']
<__eq__: True
>__hash__: /usr/lib/python3.11/pathlib.py
<__hash__: 5645248148157726380
>pytest_runtest_makereport: /home/eugenio/Área de trabalho/Grad/TT/projetos-TT/Analise/analise.py
<pytest_runtest_makereport: None
>cast: /usr/lib/python3.11/typing.py
<cast: None
>pytest_runtest_makereport: /home/eugenio/Área de trabalho/Grad/TT/projetos-TT/Analise/analise.py
<pytest_runtest_makereport: None
>__hash__: /usr/lib/python3.11/pathlib.py
<__hash__: -8452545354329954521
>__eq__: /usr/lib/python3.11/pathlib.py
>>_cparts: /usr/lib/python3.11/pathlib.py
<<_cparts: ['/', 'home', 'eugenio', 'Área de trabalho', 'Grad', 'TT', 'projetos-TT', 'analytic_shrinkage', 'nonlinshrink', 'test', 'test_analytic_shrinkage_copy.py']
>>_cparts: /usr/lib/python3.11/pathlib.py
<<_cparts: ['/', 'home', 'eugenio', 'Área de trabalho', 'Grad', 'TT', 'projetos-TT', 'analytic_shrinkage', 'nonlinshrink', 'test', 'test_analytic_shrinkage_copy.py']
<__eq__: True
>__hash__: /usr/lib/python3.11/pathlib.py
<__hash__: 5645248148157726380
>getLogger: /usr/lib/python3.11/logging/__init__.py
<getLogger: <RootLogger root (WARNING)>
>addHandler: /usr/lib/python3.11/logging/__init__.py
>>_acquireLock: /usr/lib/python3.11/logging/__init__.py
<<_acquireLock: None
>>_releaseLock: /usr/lib/python3.11/logging/__init__.py
<<_releaseLock: None
<addHandler: None
>getLogger: /usr/lib/python3.11/logging/__init__.py
<getLogger: <RootLogger root (WARNING)>
>addHandler: /usr/lib/python3.11/logging/__init__.py
>>_acquireLock: /usr/lib/python3.11/logging/__init__.py
<<_acquireLock: None
>>_releaseLock: /usr/lib/python3.11/logging/__init__.py
<<_releaseLock: None
<addHandler: None
>cast: /usr/lib/python3.11/typing.py
<cast: {'setup': []}
>helper: /usr/lib/python3.11/contextlib.py
>>__init__: /usr/lib/python3.11/contextlib.py
<<__init__: None
<helper: <contextlib._GeneratorContextManager object at 0x7fa47729bf50>
>__enter__: /usr/lib/python3.11/contextlib.py
<__enter__: None
>cast: /usr/lib/python3.11/typing.py
<cast: None
>__setitem__: <frozen os>
>>encode: <frozen os>
<<encode: b'PYTEST_CURRENT_TEST'
>>encode: <frozen os>
<<encode: b'analytic_shrinkage/nonlinshrink/test/test_analytic_shrinkage_copy.py::test_large_p (call)'
<__setitem__: None
>__hash__: /usr/lib/python3.11/pathlib.py
<__hash__: -8452545354329954521
>__eq__: /usr/lib/python3.11/pathlib.py
>>_cparts: /usr/lib/python3.11/pathlib.py
<<_cparts: ['/', 'home', 'eugenio', 'Área de trabalho', 'Grad', 'TT', 'projetos-TT', 'analytic_shrinkage', 'nonlinshrink', 'test', 'test_analytic_shrinkage_copy.py']
>>_cparts: /usr/lib/python3.11/pathlib.py
<<_cparts: ['/', 'home', 'eugenio', 'Área de trabalho', 'Grad', 'TT', 'projetos-TT', 'analytic_shrinkage', 'nonlinshrink', 'test', 'test_analytic_shrinkage_copy.py']
<__eq__: True
>__hash__: /usr/lib/python3.11/pathlib.py
<__hash__: 5645248148157726380
>iscoroutinefunction: /usr/lib/python3.11/inspect.py
>>_has_code_flag: /usr/lib/python3.11/inspect.py
>>>ismethod: /usr/lib/python3.11/inspect.py
<<<ismethod: False
>>>_unwrap_partial: /usr/lib/python3.11/functools.py
<<<_unwrap_partial: <function test_large_p at 0x7fa479e33380>
>>>isfunction: /usr/lib/python3.11/inspect.py
<<<isfunction: True
<<_has_code_flag: False
<iscoroutinefunction: False
>isasyncgenfunction: /usr/lib/python3.11/inspect.py
>>_has_code_flag: /usr/lib/python3.11/inspect.py
>>>ismethod: /usr/lib/python3.11/inspect.py
<<<ismethod: False
>>>_unwrap_partial: /usr/lib/python3.11/functools.py
<<<_unwrap_partial: <function test_large_p at 0x7fa479e33380>
>>>isfunction: /usr/lib/python3.11/inspect.py
<<<isfunction: True
<<_has_code_flag: False
<isasyncgenfunction: False
>test_large_p: /home/eugenio/Área de trabalho/Grad/TT/projetos-TT/analytic_shrinkage/nonlinshrink/test/test_analytic_shrinkage_copy.py
>>eye: /home/eugenio/.local/lib/python3.11/site-packages/numpy/lib/twodim_base.py
<<eye: [[1. 0. 0. 0. 0. 0. 0. 0. 0. 0. 0. 0. 0.]
 [0. 1. 0. 0. 0. 0. 0. 0. 0. 0. 0. 0. 0.]
 [0. 0. 1. 0. 0. 0. 0. 0. 0. 0. 0. 0. 0.]
 [0. 0. 0. 1. 0. 0. 0. 0. 0. 0. 0. 0. 0.]
 [0. 0. 0. 0. 1. 0. 0. 0. 0. 0. 0. 0. 0.]
 [0. 0. 0. 0. 0. 1. 0. 0. 0. 0. 0. 0. 0.]
 [0. 0. 0. 0. 0. 0. 1. 0. 0. 0. 0. 0. 0.]
 [0. 0. 0. 0. 0. 0. 0. 1. 0. 0. 0. 0. 0.]
 [0. 0. 0. 0. 0. 0. 0. 0. 1. 0. 0. 0. 0.]
 [0. 0. 0. 0. 0. 0. 0. 0. 0. 1. 0. 0. 0.]
 [0. 0. 0. 0. 0. 0. 0. 0. 0. 0. 1. 0. 0.]
 [0. 0. 0. 0. 0. 0. 0. 0. 0. 0. 0. 1. 0.]
 [0. 0. 0. 0. 0. 0. 0. 0. 0. 0. 0. 0. 1.]]
>>_handle_fromlist: <frozen importlib._bootstrap>
<<_handle_fromlist: <module 'numpy.linalg' from '/home/eugenio/.local/lib/python3.11/site-packages/numpy/linalg/__init__.py'>
>>_svd_dispatcher: /home/eugenio/.local/lib/python3.11/site-packages/numpy/linalg/linalg.py
<<_svd_dispatcher: (array([[1., 0., 0., 0., 0., 0., 0., 0., 0., 0., 0., 0., 0.],
       [0., 1., 0., 0., 0., 0., 0., 0., 0., 0., 0., 0., 0.],
       [0., 0., 1., 0., 0., 0., 0., 0., 0., 0., 0., 0., 0.],
       [0., 0., 0., 1., 0., 0., 0., 0., 0., 0., 0., 0., 0.],
       [0., 0., 0., 0., 1., 0., 0., 0., 0., 0., 0., 0., 0.],
       [0., 0., 0., 0., 0., 1., 0., 0., 0., 0., 0., 0., 0.],
       [0., 0., 0., 0., 0., 0., 1., 0., 0., 0., 0., 0., 0.],
       [0., 0., 0., 0., 0., 0., 0., 1., 0., 0., 0., 0., 0.],
       [0., 0., 0., 0., 0., 0., 0., 0., 1., 0., 0., 0., 0.],
       [0., 0., 0., 0., 0., 0., 0., 0., 0., 1., 0., 0., 0.],
       [0., 0., 0., 0., 0., 0., 0., 0., 0., 0., 1., 0., 0.],
       [0., 0., 0., 0., 0., 0., 0., 0., 0., 0., 0., 1., 0.],
       [0., 0., 0., 0., 0., 0., 0., 0., 0., 0., 0., 0., 1.]]),)
>>svd: /home/eugenio/.local/lib/python3.11/site-packages/numpy/linalg/linalg.py
>>>_makearray: /home/eugenio/.local/lib/python3.11/site-packages/numpy/linalg/linalg.py
<<<_makearray: (array([[1., 0., 0., 0., 0., 0., 0., 0., 0., 0., 0., 0., 0.],
       [0., 1., 0., 0., 0., 0., 0., 0., 0., 0., 0., 0., 0.],
       [0., 0., 1., 0., 0., 0., 0., 0., 0., 0., 0., 0., 0.],
       [0., 0., 0., 1., 0., 0., 0., 0., 0., 0., 0., 0., 0.],
       [0., 0., 0., 0., 1., 0., 0., 0., 0., 0., 0., 0., 0.],
       [0., 0., 0., 0., 0., 1., 0., 0., 0., 0., 0., 0., 0.],
       [0., 0., 0., 0., 0., 0., 1., 0., 0., 0., 0., 0., 0.],
       [0., 0., 0., 0., 0., 0., 0., 1., 0., 0., 0., 0., 0.],
       [0., 0., 0., 0., 0., 0., 0., 0., 1., 0., 0., 0., 0.],
       [0., 0., 0., 0., 0., 0., 0., 0., 0., 1., 0., 0., 0.],
       [0., 0., 0., 0., 0., 0., 0., 0., 0., 0., 1., 0., 0.],
       [0., 0., 0., 0., 0., 0., 0., 0., 0., 0., 0., 1., 0.],
       [0., 0., 0., 0., 0., 0., 0., 0., 0., 0., 0., 0., 1.]]), <built-in method __array_prepare__ of numpy.ndarray object at 0x7fa47774a6d0>)
>>>_assert_stacked_2d: /home/eugenio/.local/lib/python3.11/site-packages/numpy/linalg/linalg.py
<<<_assert_stacked_2d: None
>>>_commonType: /home/eugenio/.local/lib/python3.11/site-packages/numpy/linalg/linalg.py
>>>>isComplexType: /home/eugenio/.local/lib/python3.11/site-packages/numpy/linalg/linalg.py
<<<<isComplexType: False
>>>>_realType: /home/eugenio/.local/lib/python3.11/site-packages/numpy/linalg/linalg.py
<<<<_realType: <class 'numpy.float64'>
<<<_commonType: (<class 'numpy.float64'>, <class 'numpy.float64'>)
>>>get_linalg_error_extobj: /home/eugenio/.local/lib/python3.11/site-packages/numpy/linalg/linalg.py
<<<get_linalg_error_extobj: [8192, 1536, <function _raise_linalgerror_svd_nonconvergence at 0x7fa48e3ccea0>]
>>>isComplexType: /home/eugenio/.local/lib/python3.11/site-packages/numpy/linalg/linalg.py
<<<isComplexType: False
>>>_realType: /home/eugenio/.local/lib/python3.11/site-packages/numpy/linalg/linalg.py
<<<_realType: <class 'numpy.float64'>
>>><lambda>: <string>
<<<<lambda>: SVDResult(U=array([[1., 0., 0., 0., 0., 0., 0., 0., 0., 0., 0., 0., 0.],
       [0., 1., 0., 0., 0., 0., 0., 0., 0., 0., 0., 0., 0.],
       [0., 0., 1., 0., 0., 0., 0., 0., 0., 0., 0., 0., 0.],
       [0., 0., 0., 1., 0., 0., 0., 0., 0., 0., 0., 0., 0.],
       [0., 0., 0., 0., 1., 0., 0., 0., 0., 0., 0., 0., 0.],
       [0., 0., 0., 0., 0., 1., 0., 0., 0., 0., 0., 0., 0.],
       [0., 0., 0., 0., 0., 0., 1., 0., 0., 0., 0., 0., 0.],
       [0., 0., 0., 0., 0., 0., 0., 1., 0., 0., 0., 0., 0.],
       [0., 0., 0., 0., 0., 0., 0., 0., 1., 0., 0., 0., 0.],
       [0., 0., 0., 0., 0., 0., 0., 0., 0., 1., 0., 0., 0.],
       [0., 0., 0., 0., 0., 0., 0., 0., 0., 0., 1., 0., 0.],
       [0., 0., 0., 0., 0., 0., 0., 0., 0., 0., 0., 1., 0.],
       [0., 0., 0., 0., 0., 0., 0., 0., 0., 0., 0., 0., 1.]]), S=array([1., 1., 1., 1., 1., 1., 1., 1., 1., 1., 1., 1., 1.]), Vh=array([[1., 0., 0., 0., 0., 0., 0., 0., 0., 0., 0., 0., 0.],
       [0., 1., 0., 0., 0., 0., 0., 0., 0., 0., 0., 0., 0.],
       [0., 0., 1., 0., 0., 0., 0., 0., 0., 0., 0., 0., 0.],
       [0., 0., 0., 1., 0., 0., 0., 0., 0., 0., 0., 0., 0.],
       [0., 0., 0., 0., 1., 0., 0., 0., 0., 0., 0., 0., 0.],
       [0., 0., 0., 0., 0., 1., 0., 0., 0., 0., 0., 0., 0.],
       [0., 0., 0., 0., 0., 0., 1., 0., 0., 0., 0., 0., 0.],
       [0., 0., 0., 0., 0., 0., 0., 1., 0., 0., 0., 0., 0.],
       [0., 0., 0., 0., 0., 0., 0., 0., 1., 0., 0., 0., 0.],
       [0., 0., 0., 0., 0., 0., 0., 0., 0., 1., 0., 0., 0.],
       [0., 0., 0., 0., 0., 0., 0., 0., 0., 0., 1., 0., 0.],
       [0., 0., 0., 0., 0., 0., 0., 0., 0., 0., 0., 1., 0.],
       [0., 0., 0., 0., 0., 0., 0., 0., 0., 0., 0., 0., 1.]]))
<<svd: SVDResult(U=array([[1., 0., 0., 0., 0., 0., 0., 0., 0., 0., 0., 0., 0.],
       [0., 1., 0., 0., 0., 0., 0., 0., 0., 0., 0., 0., 0.],
       [0., 0., 1., 0., 0., 0., 0., 0., 0., 0., 0., 0., 0.],
       [0., 0., 0., 1., 0., 0., 0., 0., 0., 0., 0., 0., 0.],
       [0., 0., 0., 0., 1., 0., 0., 0., 0., 0., 0., 0., 0.],
       [0., 0., 0., 0., 0., 1., 0., 0., 0., 0., 0., 0., 0.],
       [0., 0., 0., 0., 0., 0., 1., 0., 0., 0., 0., 0., 0.],
       [0., 0., 0., 0., 0., 0., 0., 1., 0., 0., 0., 0., 0.],
       [0., 0., 0., 0., 0., 0., 0., 0., 1., 0., 0., 0., 0.],
       [0., 0., 0., 0., 0., 0., 0., 0., 0., 1., 0., 0., 0.],
       [0., 0., 0., 0., 0., 0., 0., 0., 0., 0., 1., 0., 0.],
       [0., 0., 0., 0., 0., 0., 0., 0., 0., 0., 0., 1., 0.],
       [0., 0., 0., 0., 0., 0., 0., 0., 0., 0., 0., 0., 1.]]), S=array([1., 1., 1., 1., 1., 1., 1., 1., 1., 1., 1., 1., 1.]), Vh=array([[1., 0., 0., 0., 0., 0., 0., 0., 0., 0., 0., 0., 0.],
       [0., 1., 0., 0., 0., 0., 0., 0., 0., 0., 0., 0., 0.],
       [0., 0., 1., 0., 0., 0., 0., 0., 0., 0., 0., 0., 0.],
       [0., 0., 0., 1., 0., 0., 0., 0., 0., 0., 0., 0., 0.],
       [0., 0., 0., 0., 1., 0., 0., 0., 0., 0., 0., 0., 0.],
       [0., 0., 0., 0., 0., 1., 0., 0., 0., 0., 0., 0., 0.],
       [0., 0., 0., 0., 0., 0., 1., 0., 0., 0., 0., 0., 0.],
       [0., 0., 0., 0., 0., 0., 0., 1., 0., 0., 0., 0., 0.],
       [0., 0., 0., 0., 0., 0., 0., 0., 1., 0., 0., 0., 0.],
       [0., 0., 0., 0., 0., 0., 0., 0., 0., 1., 0., 0., 0.],
       [0., 0., 0., 0., 0., 0., 0., 0., 0., 0., 1., 0., 0.],
       [0., 0., 0., 0., 0., 0., 0., 0., 0., 0., 0., 1., 0.],
       [0., 0., 0., 0., 0., 0., 0., 0., 0., 0., 0., 0., 1.]]))
>>dot: /home/eugenio/.local/lib/python3.11/site-packages/numpy/core/multiarray.py
<<dot: (array([[1., 0., 0., 0., 0., 0., 0., 0., 0., 0., 0., 0., 0.],
       [0., 1., 0., 0., 0., 0., 0., 0., 0., 0., 0., 0., 0.],
       [0., 0., 1., 0., 0., 0., 0., 0., 0., 0., 0., 0., 0.],
       [0., 0., 0., 1., 0., 0., 0., 0., 0., 0., 0., 0., 0.],
       [0., 0., 0., 0., 1., 0., 0., 0., 0., 0., 0., 0., 0.],
       [0., 0., 0., 0., 0., 1., 0., 0., 0., 0., 0., 0., 0.],
       [0., 0., 0., 0., 0., 0., 1., 0., 0., 0., 0., 0., 0.],
       [0., 0., 0., 0., 0., 0., 0., 1., 0., 0., 0., 0., 0.],
       [0., 0., 0., 0., 0., 0., 0., 0., 1., 0., 0., 0., 0.],
       [0., 0., 0., 0., 0., 0., 0., 0., 0., 1., 0., 0., 0.],
       [0., 0., 0., 0., 0., 0., 0., 0., 0., 0., 1., 0., 0.],
       [0., 0., 0., 0., 0., 0., 0., 0., 0., 0., 0., 1., 0.],
       [0., 0., 0., 0., 0., 0., 0., 0., 0., 0., 0., 0., 1.]]), array([[1., 0., 0., 0., 0., 0., 0., 0., 0., 0., 0., 0., 0.],
       [0., 1., 0., 0., 0., 0., 0., 0., 0., 0., 0., 0., 0.],
       [0., 0., 1., 0., 0., 0., 0., 0., 0., 0., 0., 0., 0.],
       [0., 0., 0., 1., 0., 0., 0., 0., 0., 0., 0., 0., 0.],
       [0., 0., 0., 0., 1., 0., 0., 0., 0., 0., 0., 0., 0.],
       [0., 0., 0., 0., 0., 1., 0., 0., 0., 0., 0., 0., 0.],
       [0., 0., 0., 0., 0., 0., 1., 0., 0., 0., 0., 0., 0.],
       [0., 0., 0., 0., 0., 0., 0., 1., 0., 0., 0., 0., 0.],
       [0., 0., 0., 0., 0., 0., 0., 0., 1., 0., 0., 0., 0.],
       [0., 0., 0., 0., 0., 0., 0., 0., 0., 1., 0., 0., 0.],
       [0., 0., 0., 0., 0., 0., 0., 0., 0., 0., 1., 0., 0.],
       [0., 0., 0., 0., 0., 0., 0., 0., 0., 0., 0., 1., 0.],
       [0., 0., 0., 0., 0., 0., 0., 0., 0., 0., 0., 0., 1.]]), None)
>>_allclose_dispatcher: /home/eugenio/.local/lib/python3.11/site-packages/numpy/core/numeric.py
<<_allclose_dispatcher: (array([[1., 0., 0., 0., 0., 0., 0., 0., 0., 0., 0., 0., 0.],
       [0., 1., 0., 0., 0., 0., 0., 0., 0., 0., 0., 0., 0.],
       [0., 0., 1., 0., 0., 0., 0., 0., 0., 0., 0., 0., 0.],
       [0., 0., 0., 1., 0., 0., 0., 0., 0., 0., 0., 0., 0.],
       [0., 0., 0., 0., 1., 0., 0., 0., 0., 0., 0., 0., 0.],
       [0., 0., 0., 0., 0., 1., 0., 0., 0., 0., 0., 0., 0.],
       [0., 0., 0., 0., 0., 0., 1., 0., 0., 0., 0., 0., 0.],
       [0., 0., 0., 0., 0., 0., 0., 1., 0., 0., 0., 0., 0.],
       [0., 0., 0., 0., 0., 0., 0., 0., 1., 0., 0., 0., 0.],
       [0., 0., 0., 0., 0., 0., 0., 0., 0., 1., 0., 0., 0.],
       [0., 0., 0., 0., 0., 0., 0., 0., 0., 0., 1., 0., 0.],
       [0., 0., 0., 0., 0., 0., 0., 0., 0., 0., 0., 1., 0.],
       [0., 0., 0., 0., 0., 0., 0., 0., 0., 0., 0., 0., 1.]]), array([[1., 0., 0., 0., 0., 0., 0., 0., 0., 0., 0., 0., 0.],
       [0., 1., 0., 0., 0., 0., 0., 0., 0., 0., 0., 0., 0.],
       [0., 0., 1., 0., 0., 0., 0., 0., 0., 0., 0., 0., 0.],
       [0., 0., 0., 1., 0., 0., 0., 0., 0., 0., 0., 0., 0.],
       [0., 0., 0., 0., 1., 0., 0., 0., 0., 0., 0., 0., 0.],
       [0., 0., 0., 0., 0., 1., 0., 0., 0., 0., 0., 0., 0.],
       [0., 0., 0., 0., 0., 0., 1., 0., 0., 0., 0., 0., 0.],
       [0., 0., 0., 0., 0., 0., 0., 1., 0., 0., 0., 0., 0.],
       [0., 0., 0., 0., 0., 0., 0., 0., 1., 0., 0., 0., 0.],
       [0., 0., 0., 0., 0., 0., 0., 0., 0., 1., 0., 0., 0.],
       [0., 0., 0., 0., 0., 0., 0., 0., 0., 0., 1., 0., 0.],
       [0., 0., 0., 0., 0., 0., 0., 0., 0., 0., 0., 1., 0.],
       [0., 0., 0., 0., 0., 0., 0., 0., 0., 0., 0., 0., 1.]]))
>>allclose: /home/eugenio/.local/lib/python3.11/site-packages/numpy/core/numeric.py
>>>_isclose_dispatcher: /home/eugenio/.local/lib/python3.11/site-packages/numpy/core/numeric.py
<<<_isclose_dispatcher: (array([[1., 0., 0., 0., 0., 0., 0., 0., 0., 0., 0., 0., 0.],
       [0., 1., 0., 0., 0., 0., 0., 0., 0., 0., 0., 0., 0.],
       [0., 0., 1., 0., 0., 0., 0., 0., 0., 0., 0., 0., 0.],
       [0., 0., 0., 1., 0., 0., 0., 0., 0., 0., 0., 0., 0.],
       [0., 0., 0., 0., 1., 0., 0., 0., 0., 0., 0., 0., 0.],
       [0., 0., 0., 0., 0., 1., 0., 0., 0., 0., 0., 0., 0.],
       [0., 0., 0., 0., 0., 0., 1., 0., 0., 0., 0., 0., 0.],
       [0., 0., 0., 0., 0., 0., 0., 1., 0., 0., 0., 0., 0.],
       [0., 0., 0., 0., 0., 0., 0., 0., 1., 0., 0., 0., 0.],
       [0., 0., 0., 0., 0., 0., 0., 0., 0., 1., 0., 0., 0.],
       [0., 0., 0., 0., 0., 0., 0., 0., 0., 0., 1., 0., 0.],
       [0., 0., 0., 0., 0., 0., 0., 0., 0., 0., 0., 1., 0.],
       [0., 0., 0., 0., 0., 0., 0., 0., 0., 0., 0., 0., 1.]]), array([[1., 0., 0., 0., 0., 0., 0., 0., 0., 0., 0., 0., 0.],
       [0., 1., 0., 0., 0., 0., 0., 0., 0., 0., 0., 0., 0.],
       [0., 0., 1., 0., 0., 0., 0., 0., 0., 0., 0., 0., 0.],
       [0., 0., 0., 1., 0., 0., 0., 0., 0., 0., 0., 0., 0.],
       [0., 0., 0., 0., 1., 0., 0., 0., 0., 0., 0., 0., 0.],
       [0., 0., 0., 0., 0., 1., 0., 0., 0., 0., 0., 0., 0.],
       [0., 0., 0., 0., 0., 0., 1., 0., 0., 0., 0., 0., 0.],
       [0., 0., 0., 0., 0., 0., 0., 1., 0., 0., 0., 0., 0.],
       [0., 0., 0., 0., 0., 0., 0., 0., 1., 0., 0., 0., 0.],
       [0., 0., 0., 0., 0., 0., 0., 0., 0., 1., 0., 0., 0.],
       [0., 0., 0., 0., 0., 0., 0., 0., 0., 0., 1., 0., 0.],
       [0., 0., 0., 0., 0., 0., 0., 0., 0., 0., 0., 1., 0.],
       [0., 0., 0., 0., 0., 0., 0., 0., 0., 0., 0., 0., 1.]]))
>>>isclose: /home/eugenio/.local/lib/python3.11/site-packages/numpy/core/numeric.py
>>>>result_type: /home/eugenio/.local/lib/python3.11/site-packages/numpy/core/multiarray.py
<<<<result_type: (array([[1., 0., 0., 0., 0., 0., 0., 0., 0., 0., 0., 0., 0.],
       [0., 1., 0., 0., 0., 0., 0., 0., 0., 0., 0., 0., 0.],
       [0., 0., 1., 0., 0., 0., 0., 0., 0., 0., 0., 0., 0.],
       [0., 0., 0., 1., 0., 0., 0., 0., 0., 0., 0., 0., 0.],
       [0., 0., 0., 0., 1., 0., 0., 0., 0., 0., 0., 0., 0.],
       [0., 0., 0., 0., 0., 1., 0., 0., 0., 0., 0., 0., 0.],
       [0., 0., 0., 0., 0., 0., 1., 0., 0., 0., 0., 0., 0.],
       [0., 0., 0., 0., 0., 0., 0., 1., 0., 0., 0., 0., 0.],
       [0., 0., 0., 0., 0., 0., 0., 0., 1., 0., 0., 0., 0.],
       [0., 0., 0., 0., 0., 0., 0., 0., 0., 1., 0., 0., 0.],
       [0., 0., 0., 0., 0., 0., 0., 0., 0., 0., 1., 0., 0.],
       [0., 0., 0., 0., 0., 0., 0., 0., 0., 0., 0., 1., 0.],
       [0., 0., 0., 0., 0., 0., 0., 0., 0., 0., 0., 0., 1.]]), 1.0)
>>>>_all_dispatcher: /home/eugenio/.local/lib/python3.11/site-packages/numpy/core/fromnumeric.py
<<<<_all_dispatcher: (array([[ True,  True,  True,  True,  True,  True,  True,  True,  True,
         True,  True,  True,  True],
       [ True,  True,  True,  True,  True,  True,  True,  True,  True,
         True,  True,  True,  True],
       [ True,  True,  True,  True,  True,  True,  True,  True,  True,
         True,  True,  True,  True],
       [ True,  True,  True,  True,  True,  True,  True,  True,  True,
         True,  True,  True,  True],
       [ True,  True,  True,  True,  True,  True,  True,  True,  True,
         True,  True,  True,  True],
       [ True,  True,  True,  True,  True,  True,  True,  True,  True,
         True,  True,  True,  True],
       [ True,  True,  True,  True,  True,  True,  True,  True,  True,
         True,  True,  True,  True],
       [ True,  True,  True,  True,  True,  True,  True,  True,  True,
         True,  True,  True,  True],
       [ True,  True,  True,  True,  True,  True,  True,  True,  True,
         True,  True,  True,  True],
       [ True,  True,  True,  True,  True,  True,  True,  True,  True,
         True,  True,  True,  True],
       [ True,  True,  True,  True,  True,  True,  True,  True,  True,
         True,  True,  True,  True],
       [ True,  True,  True,  True,  True,  True,  True,  True,  True,
         True,  True,  True,  True],
       [ True,  True,  True,  True,  True,  True,  True,  True,  True,
         True,  True,  True,  True]]), None, None)
>>>>all: /home/eugenio/.local/lib/python3.11/site-packages/numpy/core/fromnumeric.py
>>>>>_wrapreduction: /home/eugenio/.local/lib/python3.11/site-packages/numpy/core/fromnumeric.py
>>>>>><dictcomp>: /home/eugenio/.local/lib/python3.11/site-packages/numpy/core/fromnumeric.py
<<<<<<<dictcomp>: {}
<<<<<_wrapreduction: True
<<<<all: True
>>>>_all_dispatcher: /home/eugenio/.local/lib/python3.11/site-packages/numpy/core/fromnumeric.py
<<<<_all_dispatcher: (array([[ True,  True,  True,  True,  True,  True,  True,  True,  True,
         True,  True,  True,  True],
       [ True,  True,  True,  True,  True,  True,  True,  True,  True,
         True,  True,  True,  True],
       [ True,  True,  True,  True,  True,  True,  True,  True,  True,
         True,  True,  True,  True],
       [ True,  True,  True,  True,  True,  True,  True,  True,  True,
         True,  True,  True,  True],
       [ True,  True,  True,  True,  True,  True,  True,  True,  True,
         True,  True,  True,  True],
       [ True,  True,  True,  True,  True,  True,  True,  True,  True,
         True,  True,  True,  True],
       [ True,  True,  True,  True,  True,  True,  True,  True,  True,
         True,  True,  True,  True],
       [ True,  True,  True,  True,  True,  True,  True,  True,  True,
         True,  True,  True,  True],
       [ True,  True,  True,  True,  True,  True,  True,  True,  True,
         True,  True,  True,  True],
       [ True,  True,  True,  True,  True,  True,  True,  True,  True,
         True,  True,  True,  True],
       [ True,  True,  True,  True,  True,  True,  True,  True,  True,
         True,  True,  True,  True],
       [ True,  True,  True,  True,  True,  True,  True,  True,  True,
         True,  True,  True,  True],
       [ True,  True,  True,  True,  True,  True,  True,  True,  True,
         True,  True,  True,  True]]), None, None)
>>>>all: /home/eugenio/.local/lib/python3.11/site-packages/numpy/core/fromnumeric.py
>>>>>_wrapreduction: /home/eugenio/.local/lib/python3.11/site-packages/numpy/core/fromnumeric.py
>>>>>><dictcomp>: /home/eugenio/.local/lib/python3.11/site-packages/numpy/core/fromnumeric.py
<<<<<<<dictcomp>: {}
<<<<<_wrapreduction: True
<<<<all: True
>>>>within_tol: /home/eugenio/.local/lib/python3.11/site-packages/numpy/core/numeric.py
>>>>>__init__: /home/eugenio/.local/lib/python3.11/site-packages/numpy/core/_ufunc_config.py
<<<<<__init__: None
>>>>>__enter__: /home/eugenio/.local/lib/python3.11/site-packages/numpy/core/_ufunc_config.py
>>>>>>seterr: /home/eugenio/.local/lib/python3.11/site-packages/numpy/core/_ufunc_config.py
>>>>>>>geterr: /home/eugenio/.local/lib/python3.11/site-packages/numpy/core/_ufunc_config.py
<<<<<<<geterr: {'divide': 'warn', 'over': 'warn', 'under': 'ignore', 'invalid': 'warn'}
<<<<<<seterr: {'divide': 'warn', 'over': 'warn', 'under': 'ignore', 'invalid': 'warn'}
<<<<<__enter__: None
>>>>>helper: /usr/lib/python3.11/contextlib.py
>>>>>>__init__: /usr/lib/python3.11/contextlib.py
<<<<<<__init__: None
<<<<<helper: <contextlib._GeneratorContextManager object at 0x7fa477c08c90>
>>>>>__enter__: /usr/lib/python3.11/contextlib.py
>>>>>>_no_nep50_warning: /home/eugenio/.local/lib/python3.11/site-packages/numpy/core/_ufunc_config.py
<<<<<<_no_nep50_warning: None
<<<<<__enter__: None
>>>>>__exit__: /usr/lib/python3.11/contextlib.py
>>>>>>_no_nep50_warning: /home/eugenio/.local/lib/python3.11/site-packages/numpy/core/_ufunc_config.py
<<<<<<_no_nep50_warning: None
<<<<<__exit__: False
>>>>>__exit__: /home/eugenio/.local/lib/python3.11/site-packages/numpy/core/_ufunc_config.py
>>>>>>seterr: /home/eugenio/.local/lib/python3.11/site-packages/numpy/core/_ufunc_config.py
>>>>>>>geterr: /home/eugenio/.local/lib/python3.11/site-packages/numpy/core/_ufunc_config.py
<<<<<<<geterr: {'divide': 'warn', 'over': 'warn', 'under': 'ignore', 'invalid': 'ignore'}
<<<<<<seterr: {'divide': 'warn', 'over': 'warn', 'under': 'ignore', 'invalid': 'ignore'}
<<<<<__exit__: None
<<<<within_tol: [[ True  True  True  True  True  True  True  True  True  True  True  True
   True]
 [ True  True  True  True  True  True  True  True  True  True  True  True
   True]
 [ True  True  True  True  True  True  True  True  True  True  True  True
   True]
 [ True  True  True  True  True  True  True  True  True  True  True  True
   True]
 [ True  True  True  True  True  True  True  True  True  True  True  True
   True]
 [ True  True  True  True  True  True  True  True  True  True  True  True
   True]
 [ True  True  True  True  True  True  True  True  True  True  True  True
   True]
 [ True  True  True  True  True  True  True  True  True  True  True  True
   True]
 [ True  True  True  True  True  True  True  True  True  True  True  True
   True]
 [ True  True  True  True  True  True  True  True  True  True  True  True
   True]
 [ True  True  True  True  True  True  True  True  True  True  True  True
   True]
 [ True  True  True  True  True  True  True  True  True  True  True  True
   True]
 [ True  True  True  True  True  True  True  True  True  True  True  True
   True]]
<<<isclose: [[ True  True  True  True  True  True  True  True  True  True  True  True
   True]
 [ True  True  True  True  True  True  True  True  True  True  True  True
   True]
 [ True  True  True  True  True  True  True  True  True  True  True  True
   True]
 [ True  True  True  True  True  True  True  True  True  True  True  True
   True]
 [ True  True  True  True  True  True  True  True  True  True  True  True
   True]
 [ True  True  True  True  True  True  True  True  True  True  True  True
   True]
 [ True  True  True  True  True  True  True  True  True  True  True  True
   True]
 [ True  True  True  True  True  True  True  True  True  True  True  True
   True]
 [ True  True  True  True  True  True  True  True  True  True  True  True
   True]
 [ True  True  True  True  True  True  True  True  True  True  True  True
   True]
 [ True  True  True  True  True  True  True  True  True  True  True  True
   True]
 [ True  True  True  True  True  True  True  True  True  True  True  True
   True]
 [ True  True  True  True  True  True  True  True  True  True  True  True
   True]]
>>>_all_dispatcher: /home/eugenio/.local/lib/python3.11/site-packages/numpy/core/fromnumeric.py
<<<_all_dispatcher: (array([[ True,  True,  True,  True,  True,  True,  True,  True,  True,
         True,  True,  True,  True],
       [ True,  True,  True,  True,  True,  True,  True,  True,  True,
         True,  True,  True,  True],
       [ True,  True,  True,  True,  True,  True,  True,  True,  True,
         True,  True,  True,  True],
       [ True,  True,  True,  True,  True,  True,  True,  True,  True,
         True,  True,  True,  True],
       [ True,  True,  True,  True,  True,  True,  True,  True,  True,
         True,  True,  True,  True],
       [ True,  True,  True,  True,  True,  True,  True,  True,  True,
         True,  True,  True,  True],
       [ True,  True,  True,  True,  True,  True,  True,  True,  True,
         True,  True,  True,  True],
       [ True,  True,  True,  True,  True,  True,  True,  True,  True,
         True,  True,  True,  True],
       [ True,  True,  True,  True,  True,  True,  True,  True,  True,
         True,  True,  True,  True],
       [ True,  True,  True,  True,  True,  True,  True,  True,  True,
         True,  True,  True,  True],
       [ True,  True,  True,  True,  True,  True,  True,  True,  True,
         True,  True,  True,  True],
       [ True,  True,  True,  True,  True,  True,  True,  True,  True,
         True,  True,  True,  True],
       [ True,  True,  True,  True,  True,  True,  True,  True,  True,
         True,  True,  True,  True]]), None, None)
>>>all: /home/eugenio/.local/lib/python3.11/site-packages/numpy/core/fromnumeric.py
>>>>_wrapreduction: /home/eugenio/.local/lib/python3.11/site-packages/numpy/core/fromnumeric.py
>>>>><dictcomp>: /home/eugenio/.local/lib/python3.11/site-packages/numpy/core/fromnumeric.py
<<<<<<dictcomp>: {}
<<<<_wrapreduction: True
<<<all: True
<<allclose: True
>>dot: /home/eugenio/.local/lib/python3.11/site-packages/numpy/core/multiarray.py
<<dot: (array([[ 0.29604278,  0.10553731, -0.45424262,  1.46226836, -0.51479934,
        -0.71831712,  0.09290892, -0.66210439,  0.22328463, -0.9393434 ,
         0.68282648,  1.25193187, -1.14547913],
       [ 0.11165994, -0.58087518,  0.29094099, -2.2900743 ,  1.28708401,
         1.52323856, -0.94724049, -0.47902745,  1.01832033, -1.43419652,
         0.46848402,  0.3526533 ,  0.81218089],
       [ 1.3771959 , -1.69970859,  1.6533337 , -0.57891281, -0.41638469,
         0.44117352,  2.05645235, -0.55180456, -2.14258209, -0.32321577,
         0.22825425,  1.24057563,  1.34935651],
       [ 1.0335148 , -0.90098126, -1.20998965, -0.08939262,  0.04804911,
         0.72382295,  1.08885744,  0.134365  , -0.00444367,  0.42450699,
        -0.43246584,  0.6203487 ,  0.85974392],
       [ 0.66844015, -0.46543103,  0.99123706,  0.21152168,  0.3976198 ,
        -1.29479418,  0.43807219, -0.46768979, -0.48599678, -0.16037672,
         0.08189776,  1.01277112, -0.23602741],
       [-0.94763556,  0.12606462, -1.29934778, -0.79083297,  1.16027514,
         0.70179332,  0.78117549,  0.42483692, -1.24765161,  0.5085968 ,
        -0.29397586,  0.49692477,  1.00774599],
       [-0.16764021, -1.01442833, -0.00799556,  1.22217894, -1.51927683,
         0.13639014, -0.30060836,  1.17356067, -0.43493794,  0.22304814,
         0.15377844, -0.16951969,  0.07391628],
       [ 0.30301112,  0.76478175,  0.9370499 ,  1.07232831, -0.24497865,
         0.75738819, -1.90836468, -1.36874529, -1.01780673, -0.24819332,
         0.33229765,  0.11559713, -1.13907688],
       [ 0.90612236, -0.84515766, -1.3361116 ,  1.24512571, -0.28442462,
        -0.68594659,  0.26624239,  1.45268705,  0.14331785,  2.30949338,
         0.07638957, -0.34327926,  1.39268963],
       [-0.56482107, -1.29940985, -0.34633242,  0.75572709,  0.1589347 ,
        -1.93978702,  0.0154972 , -0.85171834, -1.17295118, -0.21696081,
         0.08113904, -0.58557965, -0.05382524],
       [ 0.82260211,  1.40427492,  0.26942493, -0.60372165, -0.90426101,
        -0.68853559, -1.79207358, -0.27595646,  1.24542204,  0.12888553,
        -0.09925158,  1.03584071, -0.85804979],
       [-0.3385295 , -2.08417262,  0.08504395,  1.10348826,  1.7903378 ,
        -0.59966328, -0.85222906, -0.16219312, -1.27239054,  0.86273688,
        -2.28396703,  1.08562235,  0.33208522]]), array([[1., 0., 0., 0., 0., 0., 0., 0., 0., 0., 0., 0., 0.],
       [0., 1., 0., 0., 0., 0., 0., 0., 0., 0., 0., 0., 0.],
       [0., 0., 1., 0., 0., 0., 0., 0., 0., 0., 0., 0., 0.],
       [0., 0., 0., 1., 0., 0., 0., 0., 0., 0., 0., 0., 0.],
       [0., 0., 0., 0., 1., 0., 0., 0., 0., 0., 0., 0., 0.],
       [0., 0., 0., 0., 0., 1., 0., 0., 0., 0., 0., 0., 0.],
       [0., 0., 0., 0., 0., 0., 1., 0., 0., 0., 0., 0., 0.],
       [0., 0., 0., 0., 0., 0., 0., 1., 0., 0., 0., 0., 0.],
       [0., 0., 0., 0., 0., 0., 0., 0., 1., 0., 0., 0., 0.],
       [0., 0., 0., 0., 0., 0., 0., 0., 0., 1., 0., 0., 0.],
       [0., 0., 0., 0., 0., 0., 0., 0., 0., 0., 1., 0., 0.],
       [0., 0., 0., 0., 0., 0., 0., 0., 0., 0., 0., 1., 0.],
       [0., 0., 0., 0., 0., 0., 0., 0., 0., 0., 0., 0., 1.]]), None)
>>shrink_cov: /home/eugenio/Área de trabalho/Grad/TT/projetos-TT/analytic_shrinkage/nonlinshrink/nonlinshrink.py
>>>dot: /home/eugenio/.local/lib/python3.11/site-packages/numpy/core/multiarray.py
<<<dot: (array([[ 0.29604278,  0.11165994,  1.3771959 ,  1.0335148 ,  0.66844015,
        -0.94763556, -0.16764021,  0.30301112,  0.90612236, -0.56482107,
         0.82260211, -0.3385295 ],
       [ 0.10553731, -0.58087518, -1.69970859, -0.90098126, -0.46543103,
         0.12606462, -1.01442833,  0.76478175, -0.84515766, -1.29940985,
         1.40427492, -2.08417262],
       [-0.45424262,  0.29094099,  1.6533337 , -1.20998965,  0.99123706,
        -1.29934778, -0.00799556,  0.9370499 , -1.3361116 , -0.34633242,
         0.26942493,  0.08504395],
       [ 1.46226836, -2.2900743 , -0.57891281, -0.08939262,  0.21152168,
        -0.79083297,  1.22217894,  1.07232831,  1.24512571,  0.75572709,
        -0.60372165,  1.10348826],
       [-0.51479934,  1.28708401, -0.41638469,  0.04804911,  0.3976198 ,
         1.16027514, -1.51927683, -0.24497865, -0.28442462,  0.1589347 ,
        -0.90426101,  1.7903378 ],
       [-0.71831712,  1.52323856,  0.44117352,  0.72382295, -1.29479418,
         0.70179332,  0.13639014,  0.75738819, -0.68594659, -1.93978702,
        -0.68853559, -0.59966328],
       [ 0.09290892, -0.94724049,  2.05645235,  1.08885744,  0.43807219,
         0.78117549, -0.30060836, -1.90836468,  0.26624239,  0.0154972 ,
        -1.79207358, -0.85222906],
       [-0.66210439, -0.47902745, -0.55180456,  0.134365  , -0.46768979,
         0.42483692,  1.17356067, -1.36874529,  1.45268705, -0.85171834,
        -0.27595646, -0.16219312],
       [ 0.22328463,  1.01832033, -2.14258209, -0.00444367, -0.48599678,
        -1.24765161, -0.43493794, -1.01780673,  0.14331785, -1.17295118,
         1.24542204, -1.27239054],
       [-0.9393434 , -1.43419652, -0.32321577,  0.42450699, -0.16037672,
         0.5085968 ,  0.22304814, -0.24819332,  2.30949338, -0.21696081,
         0.12888553,  0.86273688],
       [ 0.68282648,  0.46848402,  0.22825425, -0.43246584,  0.08189776,
        -0.29397586,  0.15377844,  0.33229765,  0.07638957,  0.08113904,
        -0.09925158, -2.28396703],
       [ 1.25193187,  0.3526533 ,  1.24057563,  0.6203487 ,  1.01277112,
         0.49692477, -0.16951969,  0.11559713, -0.34327926, -0.58557965,
         1.03584071,  1.08562235],
       [-1.14547913,  0.81218089,  1.34935651,  0.85974392, -0.23602741,
         1.00774599,  0.07391628, -1.13907688,  1.39268963, -0.05382524,
        -0.85804979,  0.33208522]]), array([[ 0.29604278,  0.10553731, -0.45424262,  1.46226836, -0.51479934,
        -0.71831712,  0.09290892, -0.66210439,  0.22328463, -0.9393434 ,
         0.68282648,  1.25193187, -1.14547913],
       [ 0.11165994, -0.58087518,  0.29094099, -2.2900743 ,  1.28708401,
         1.52323856, -0.94724049, -0.47902745,  1.01832033, -1.43419652,
         0.46848402,  0.3526533 ,  0.81218089],
       [ 1.3771959 , -1.69970859,  1.6533337 , -0.57891281, -0.41638469,
         0.44117352,  2.05645235, -0.55180456, -2.14258209, -0.32321577,
         0.22825425,  1.24057563,  1.34935651],
       [ 1.0335148 , -0.90098126, -1.20998965, -0.08939262,  0.04804911,
         0.72382295,  1.08885744,  0.134365  , -0.00444367,  0.42450699,
        -0.43246584,  0.6203487 ,  0.85974392],
       [ 0.66844015, -0.46543103,  0.99123706,  0.21152168,  0.3976198 ,
        -1.29479418,  0.43807219, -0.46768979, -0.48599678, -0.16037672,
         0.08189776,  1.01277112, -0.23602741],
       [-0.94763556,  0.12606462, -1.29934778, -0.79083297,  1.16027514,
         0.70179332,  0.78117549,  0.42483692, -1.24765161,  0.5085968 ,
        -0.29397586,  0.49692477,  1.00774599],
       [-0.16764021, -1.01442833, -0.00799556,  1.22217894, -1.51927683,
         0.13639014, -0.30060836,  1.17356067, -0.43493794,  0.22304814,
         0.15377844, -0.16951969,  0.07391628],
       [ 0.30301112,  0.76478175,  0.9370499 ,  1.07232831, -0.24497865,
         0.75738819, -1.90836468, -1.36874529, -1.01780673, -0.24819332,
         0.33229765,  0.11559713, -1.13907688],
       [ 0.90612236, -0.84515766, -1.3361116 ,  1.24512571, -0.28442462,
        -0.68594659,  0.26624239,  1.45268705,  0.14331785,  2.30949338,
         0.07638957, -0.34327926,  1.39268963],
       [-0.56482107, -1.29940985, -0.34633242,  0.75572709,  0.1589347 ,
        -1.93978702,  0.0154972 , -0.85171834, -1.17295118, -0.21696081,
         0.08113904, -0.58557965, -0.05382524],
       [ 0.82260211,  1.40427492,  0.26942493, -0.60372165, -0.90426101,
        -0.68853559, -1.79207358, -0.27595646,  1.24542204,  0.12888553,
        -0.09925158,  1.03584071, -0.85804979],
       [-0.3385295 , -2.08417262,  0.08504395,  1.10348826,  1.7903378 ,
        -0.59966328, -0.85222906, -0.16219312, -1.27239054,  0.86273688,
        -2.28396703,  1.08562235,  0.33208522]]), None)
>>>_eigvalsh_dispatcher: /home/eugenio/.local/lib/python3.11/site-packages/numpy/linalg/linalg.py
<<<_eigvalsh_dispatcher: (array([[ 0.53841934, -0.12546455,  0.19011467,  0.0107976 , -0.24026378,
         0.00832383,  0.16256284, -0.04766524,  0.00783539,  0.07356651,
         0.10375157,  0.29445342,  0.12518898],
       [-0.12546455,  1.21786049, -0.00474992, -0.27089527, -0.31581824,
         0.17938077, -0.51348768, -0.09261033,  0.71777982, -0.22196112,
         0.35628184, -0.22046718, -0.61451557],
       [ 0.19011467, -0.00474992,  0.83520958, -0.16177976, -0.10296016,
         0.04067966, -0.12652634, -0.41293298, -0.22591354, -0.41627354,
         0.0957462 ,  0.19459632, -0.22576188],
       [ 0.0107976 , -0.27089527, -0.16177976,  1.22859961, -0.34408636,
        -0.60624171, -0.11974467,  0.09338825, -0.36398417,  0.4346823 ,
        -0.13981323, -0.02582672, -0.31609202],
       [-0.24026378, -0.31581824, -0.10296016, -0.34408636,  0.84158334,
         0.12699185, -0.00372684, -0.14746293, -0.18953903, -0.01853503,
        -0.37467354,  0.1285563 ,  0.27686958],
       [ 0.00832383,  0.17938077,  0.04067966, -0.60624171,  0.12699185,
         0.94858397,  0.01772384,  0.04748305,  0.12068504, -0.22563342,
         0.09993808, -0.02139899,  0.24820975],
       [ 0.16256284, -0.51348768, -0.12652634, -0.11974467, -0.00372684,
         0.01772384,  1.23865118,  0.23303202, -0.46639914,  0.12064553,
         0.07416308,  0.0657635 ,  0.60794069],
       [-0.04766524, -0.09261033, -0.41293298,  0.09338825, -0.14746293,
         0.04748305,  0.23303202,  0.63154188,  0.18299154,  0.48343073,
        -0.07153673, -0.22338446,  0.34804862],
       [ 0.00783539,  0.71777982, -0.22591354, -0.36398417, -0.18953903,
         0.12068504, -0.46639914,  0.18299154,  1.10515394, -0.14436134,
         0.23021184, -0.21932304, -0.29728965],
       [ 0.07356651, -0.22196112, -0.41627354,  0.4346823 , -0.01853503,
        -0.22563342,  0.12064553,  0.48343073, -0.14436134,  0.81345501,
        -0.300494  , -0.11593612,  0.34113254],
       [ 0.10375157,  0.35628184,  0.0957462 , -0.13981323, -0.37467354,
         0.09993808,  0.07416308, -0.07153673,  0.23021184, -0.300494  ,
         0.53256915, -0.13932626, -0.14329179],
       [ 0.29445342, -0.22046718,  0.19459632, -0.02582672,  0.1285563 ,
        -0.02139899,  0.0657635 , -0.22338446, -0.21932304, -0.11593612,
        -0.13932626,  0.63688195,  0.01686316],
       [ 0.12518898, -0.61451557, -0.22576188, -0.31609202,  0.27686958,
         0.24820975,  0.60794069,  0.34804862, -0.29728965,  0.34113254,
        -0.14329179,  0.01686316,  0.80790959]]),)
>>>eigh: /home/eugenio/.local/lib/python3.11/site-packages/numpy/linalg/linalg.py
>>>>_makearray: /home/eugenio/.local/lib/python3.11/site-packages/numpy/linalg/linalg.py
<<<<_makearray: (array([[ 0.53841934, -0.12546455,  0.19011467,  0.0107976 , -0.24026378,
         0.00832383,  0.16256284, -0.04766524,  0.00783539,  0.07356651,
         0.10375157,  0.29445342,  0.12518898],
       [-0.12546455,  1.21786049, -0.00474992, -0.27089527, -0.31581824,
         0.17938077, -0.51348768, -0.09261033,  0.71777982, -0.22196112,
         0.35628184, -0.22046718, -0.61451557],
       [ 0.19011467, -0.00474992,  0.83520958, -0.16177976, -0.10296016,
         0.04067966, -0.12652634, -0.41293298, -0.22591354, -0.41627354,
         0.0957462 ,  0.19459632, -0.22576188],
