>__exit__: /usr/lib/python3.11/contextlib.py
>>reset: <frozen codecs>
>>>reset: <frozen codecs>
<<<reset: None
<<reset: None
>>reset: <frozen codecs>
<<reset: None
>>decode: <frozen codecs>
<<decode: 
>>reset: <frozen codecs>
>>>reset: <frozen codecs>
<<<reset: None
<<reset: None
>>reset: <frozen codecs>
<<reset: None
>>reset: <frozen codecs>
>>>reset: <frozen codecs>
<<<reset: None
<<reset: None
>>reset: <frozen codecs>
<<reset: None
>>decode: <frozen codecs>
<<decode: 
>>reset: <frozen codecs>
>>>reset: <frozen codecs>
<<<reset: None
<<reset: None
>>reset: <frozen codecs>
<<reset: None
<__exit__: False
>getLogger: /usr/lib/python3.11/logging/__init__.py
<getLogger: <RootLogger root (WARNING)>
>removeHandler: /usr/lib/python3.11/logging/__init__.py
>>_acquireLock: /usr/lib/python3.11/logging/__init__.py
<<_acquireLock: None
>>_releaseLock: /usr/lib/python3.11/logging/__init__.py
<<_releaseLock: None
<removeHandler: None
>getLogger: /usr/lib/python3.11/logging/__init__.py
<getLogger: <RootLogger root (WARNING)>
>removeHandler: /usr/lib/python3.11/logging/__init__.py
>>_acquireLock: /usr/lib/python3.11/logging/__init__.py
<<_acquireLock: None
>>_releaseLock: /usr/lib/python3.11/logging/__init__.py
<<_releaseLock: None
<removeHandler: None
>__hash__: /usr/lib/python3.11/pathlib.py
<__hash__: -8452545354329954521
>__eq__: /usr/lib/python3.11/pathlib.py
>>_cparts: /usr/lib/python3.11/pathlib.py
<<_cparts: ['/', 'home', 'eugenio', 'Área de trabalho', 'Grad', 'TT', 'projetos-TT', 'analytic_shrinkage', 'nonlinshrink', 'test', 'test_analytic_shrinkage_copy.py']
>>_cparts: /usr/lib/python3.11/pathlib.py
<<_cparts: ['/', 'home', 'eugenio', 'Área de trabalho', 'Grad', 'TT', 'projetos-TT', 'analytic_shrinkage', 'nonlinshrink', 'test', 'test_analytic_shrinkage_copy.py']
<__eq__: True
>__hash__: /usr/lib/python3.11/pathlib.py
<__hash__: 5645248148157726380
>pytest_runtest_makereport: /home/eugenio/Área de trabalho/Grad/TT/projetos-TT/Analise/analise.py
<pytest_runtest_makereport: None
>cast: /usr/lib/python3.11/typing.py
<cast: None
>pytest_runtest_makereport: /home/eugenio/Área de trabalho/Grad/TT/projetos-TT/Analise/analise.py
<pytest_runtest_makereport: None
>__hash__: /usr/lib/python3.11/pathlib.py
<__hash__: -8452545354329954521
>__eq__: /usr/lib/python3.11/pathlib.py
>>_cparts: /usr/lib/python3.11/pathlib.py
<<_cparts: ['/', 'home', 'eugenio', 'Área de trabalho', 'Grad', 'TT', 'projetos-TT', 'analytic_shrinkage', 'nonlinshrink', 'test', 'test_analytic_shrinkage_copy.py']
>>_cparts: /usr/lib/python3.11/pathlib.py
<<_cparts: ['/', 'home', 'eugenio', 'Área de trabalho', 'Grad', 'TT', 'projetos-TT', 'analytic_shrinkage', 'nonlinshrink', 'test', 'test_analytic_shrinkage_copy.py']
<__eq__: True
>__hash__: /usr/lib/python3.11/pathlib.py
<__hash__: 5645248148157726380
>getLogger: /usr/lib/python3.11/logging/__init__.py
<getLogger: <RootLogger root (WARNING)>
>addHandler: /usr/lib/python3.11/logging/__init__.py
>>_acquireLock: /usr/lib/python3.11/logging/__init__.py
<<_acquireLock: None
>>_releaseLock: /usr/lib/python3.11/logging/__init__.py
<<_releaseLock: None
<addHandler: None
>getLogger: /usr/lib/python3.11/logging/__init__.py
<getLogger: <RootLogger root (WARNING)>
>addHandler: /usr/lib/python3.11/logging/__init__.py
>>_acquireLock: /usr/lib/python3.11/logging/__init__.py
<<_acquireLock: None
>>_releaseLock: /usr/lib/python3.11/logging/__init__.py
<<_releaseLock: None
<addHandler: None
>cast: /usr/lib/python3.11/typing.py
<cast: {'setup': []}
>helper: /usr/lib/python3.11/contextlib.py
>>__init__: /usr/lib/python3.11/contextlib.py
<<__init__: None
<helper: <contextlib._GeneratorContextManager object at 0x7fa4773232d0>
>__enter__: /usr/lib/python3.11/contextlib.py
<__enter__: None
>cast: /usr/lib/python3.11/typing.py
<cast: None
>__setitem__: <frozen os>
>>encode: <frozen os>
<<encode: b'PYTEST_CURRENT_TEST'
>>encode: <frozen os>
<<encode: b'analytic_shrinkage/nonlinshrink/test/test_analytic_shrinkage_copy.py::test_singular (call)'
<__setitem__: None
>__hash__: /usr/lib/python3.11/pathlib.py
<__hash__: -8452545354329954521
>__eq__: /usr/lib/python3.11/pathlib.py
>>_cparts: /usr/lib/python3.11/pathlib.py
<<_cparts: ['/', 'home', 'eugenio', 'Área de trabalho', 'Grad', 'TT', 'projetos-TT', 'analytic_shrinkage', 'nonlinshrink', 'test', 'test_analytic_shrinkage_copy.py']
>>_cparts: /usr/lib/python3.11/pathlib.py
<<_cparts: ['/', 'home', 'eugenio', 'Área de trabalho', 'Grad', 'TT', 'projetos-TT', 'analytic_shrinkage', 'nonlinshrink', 'test', 'test_analytic_shrinkage_copy.py']
<__eq__: True
>__hash__: /usr/lib/python3.11/pathlib.py
<__hash__: 5645248148157726380
>iscoroutinefunction: /usr/lib/python3.11/inspect.py
>>_has_code_flag: /usr/lib/python3.11/inspect.py
>>>ismethod: /usr/lib/python3.11/inspect.py
<<<ismethod: False
>>>_unwrap_partial: /usr/lib/python3.11/functools.py
<<<_unwrap_partial: <function test_singular at 0x7fa479e332e0>
>>>isfunction: /usr/lib/python3.11/inspect.py
<<<isfunction: True
<<_has_code_flag: False
<iscoroutinefunction: False
>isasyncgenfunction: /usr/lib/python3.11/inspect.py
>>_has_code_flag: /usr/lib/python3.11/inspect.py
>>>ismethod: /usr/lib/python3.11/inspect.py
<<<ismethod: False
>>>_unwrap_partial: /usr/lib/python3.11/functools.py
<<<_unwrap_partial: <function test_singular at 0x7fa479e332e0>
>>>isfunction: /usr/lib/python3.11/inspect.py
<<<isfunction: True
<<_has_code_flag: False
<isasyncgenfunction: False
>test_singular: /home/eugenio/Área de trabalho/Grad/TT/projetos-TT/analytic_shrinkage/nonlinshrink/test/test_analytic_shrinkage_copy.py
>>eye: /home/eugenio/.local/lib/python3.11/site-packages/numpy/lib/twodim_base.py
<<eye: [[1. 0.]
 [0. 1.]]
>>_handle_fromlist: <frozen importlib._bootstrap>
<<_handle_fromlist: <module 'numpy.linalg' from '/home/eugenio/.local/lib/python3.11/site-packages/numpy/linalg/__init__.py'>
>>_svd_dispatcher: /home/eugenio/.local/lib/python3.11/site-packages/numpy/linalg/linalg.py
<<_svd_dispatcher: (array([[1., 0.],
       [0., 1.]]),)
>>svd: /home/eugenio/.local/lib/python3.11/site-packages/numpy/linalg/linalg.py
>>>_makearray: /home/eugenio/.local/lib/python3.11/site-packages/numpy/linalg/linalg.py
<<<_makearray: (array([[1., 0.],
       [0., 1.]]), <built-in method __array_prepare__ of numpy.ndarray object at 0x7fa477ba5a10>)
>>>_assert_stacked_2d: /home/eugenio/.local/lib/python3.11/site-packages/numpy/linalg/linalg.py
<<<_assert_stacked_2d: None
>>>_commonType: /home/eugenio/.local/lib/python3.11/site-packages/numpy/linalg/linalg.py
>>>>isComplexType: /home/eugenio/.local/lib/python3.11/site-packages/numpy/linalg/linalg.py
<<<<isComplexType: False
>>>>_realType: /home/eugenio/.local/lib/python3.11/site-packages/numpy/linalg/linalg.py
<<<<_realType: <class 'numpy.float64'>
<<<_commonType: (<class 'numpy.float64'>, <class 'numpy.float64'>)
>>>get_linalg_error_extobj: /home/eugenio/.local/lib/python3.11/site-packages/numpy/linalg/linalg.py
<<<get_linalg_error_extobj: [8192, 1536, <function _raise_linalgerror_svd_nonconvergence at 0x7fa48e3ccea0>]
>>>isComplexType: /home/eugenio/.local/lib/python3.11/site-packages/numpy/linalg/linalg.py
<<<isComplexType: False
>>>_realType: /home/eugenio/.local/lib/python3.11/site-packages/numpy/linalg/linalg.py
<<<_realType: <class 'numpy.float64'>
>>><lambda>: <string>
<<<<lambda>: SVDResult(U=array([[1., 0.],
       [0., 1.]]), S=array([1., 1.]), Vh=array([[1., 0.],
       [0., 1.]]))
<<svd: SVDResult(U=array([[1., 0.],
       [0., 1.]]), S=array([1., 1.]), Vh=array([[1., 0.],
       [0., 1.]]))
>>dot: /home/eugenio/.local/lib/python3.11/site-packages/numpy/core/multiarray.py
<<dot: (array([[1., 0.],
       [0., 1.]]), array([[1., 0.],
       [0., 1.]]), None)
>>_allclose_dispatcher: /home/eugenio/.local/lib/python3.11/site-packages/numpy/core/numeric.py
<<_allclose_dispatcher: (array([[1., 0.],
       [0., 1.]]), array([[1., 0.],
       [0., 1.]]))
>>allclose: /home/eugenio/.local/lib/python3.11/site-packages/numpy/core/numeric.py
>>>_isclose_dispatcher: /home/eugenio/.local/lib/python3.11/site-packages/numpy/core/numeric.py
<<<_isclose_dispatcher: (array([[1., 0.],
       [0., 1.]]), array([[1., 0.],
       [0., 1.]]))
>>>isclose: /home/eugenio/.local/lib/python3.11/site-packages/numpy/core/numeric.py
>>>>result_type: /home/eugenio/.local/lib/python3.11/site-packages/numpy/core/multiarray.py
<<<<result_type: (array([[1., 0.],
       [0., 1.]]), 1.0)
>>>>_all_dispatcher: /home/eugenio/.local/lib/python3.11/site-packages/numpy/core/fromnumeric.py
<<<<_all_dispatcher: (array([[ True,  True],
       [ True,  True]]), None, None)
>>>>all: /home/eugenio/.local/lib/python3.11/site-packages/numpy/core/fromnumeric.py
>>>>>_wrapreduction: /home/eugenio/.local/lib/python3.11/site-packages/numpy/core/fromnumeric.py
>>>>>><dictcomp>: /home/eugenio/.local/lib/python3.11/site-packages/numpy/core/fromnumeric.py
<<<<<<<dictcomp>: {}
<<<<<_wrapreduction: True
<<<<all: True
>>>>_all_dispatcher: /home/eugenio/.local/lib/python3.11/site-packages/numpy/core/fromnumeric.py
<<<<_all_dispatcher: (array([[ True,  True],
       [ True,  True]]), None, None)
>>>>all: /home/eugenio/.local/lib/python3.11/site-packages/numpy/core/fromnumeric.py
>>>>>_wrapreduction: /home/eugenio/.local/lib/python3.11/site-packages/numpy/core/fromnumeric.py
>>>>>><dictcomp>: /home/eugenio/.local/lib/python3.11/site-packages/numpy/core/fromnumeric.py
<<<<<<<dictcomp>: {}
<<<<<_wrapreduction: True
<<<<all: True
>>>>within_tol: /home/eugenio/.local/lib/python3.11/site-packages/numpy/core/numeric.py
>>>>>__init__: /home/eugenio/.local/lib/python3.11/site-packages/numpy/core/_ufunc_config.py
<<<<<__init__: None
>>>>>__enter__: /home/eugenio/.local/lib/python3.11/site-packages/numpy/core/_ufunc_config.py
>>>>>>seterr: /home/eugenio/.local/lib/python3.11/site-packages/numpy/core/_ufunc_config.py
>>>>>>>geterr: /home/eugenio/.local/lib/python3.11/site-packages/numpy/core/_ufunc_config.py
<<<<<<<geterr: {'divide': 'warn', 'over': 'warn', 'under': 'ignore', 'invalid': 'warn'}
<<<<<<seterr: {'divide': 'warn', 'over': 'warn', 'under': 'ignore', 'invalid': 'warn'}
<<<<<__enter__: None
>>>>>helper: /usr/lib/python3.11/contextlib.py
>>>>>>__init__: /usr/lib/python3.11/contextlib.py
<<<<<<__init__: None
<<<<<helper: <contextlib._GeneratorContextManager object at 0x7fa47722e410>
>>>>>__enter__: /usr/lib/python3.11/contextlib.py
>>>>>>_no_nep50_warning: /home/eugenio/.local/lib/python3.11/site-packages/numpy/core/_ufunc_config.py
<<<<<<_no_nep50_warning: None
<<<<<__enter__: None
>>>>>__exit__: /usr/lib/python3.11/contextlib.py
>>>>>>_no_nep50_warning: /home/eugenio/.local/lib/python3.11/site-packages/numpy/core/_ufunc_config.py
<<<<<<_no_nep50_warning: None
<<<<<__exit__: False
>>>>>__exit__: /home/eugenio/.local/lib/python3.11/site-packages/numpy/core/_ufunc_config.py
>>>>>>seterr: /home/eugenio/.local/lib/python3.11/site-packages/numpy/core/_ufunc_config.py
>>>>>>>geterr: /home/eugenio/.local/lib/python3.11/site-packages/numpy/core/_ufunc_config.py
<<<<<<<geterr: {'divide': 'warn', 'over': 'warn', 'under': 'ignore', 'invalid': 'ignore'}
<<<<<<seterr: {'divide': 'warn', 'over': 'warn', 'under': 'ignore', 'invalid': 'ignore'}
<<<<<__exit__: None
<<<<within_tol: [[ True  True]
 [ True  True]]
<<<isclose: [[ True  True]
 [ True  True]]
>>>_all_dispatcher: /home/eugenio/.local/lib/python3.11/site-packages/numpy/core/fromnumeric.py
<<<_all_dispatcher: (array([[ True,  True],
       [ True,  True]]), None, None)
>>>all: /home/eugenio/.local/lib/python3.11/site-packages/numpy/core/fromnumeric.py
>>>>_wrapreduction: /home/eugenio/.local/lib/python3.11/site-packages/numpy/core/fromnumeric.py
>>>>><dictcomp>: /home/eugenio/.local/lib/python3.11/site-packages/numpy/core/fromnumeric.py
<<<<<<dictcomp>: {}
<<<<_wrapreduction: True
<<<all: True
<<allclose: True
>>dot: /home/eugenio/.local/lib/python3.11/site-packages/numpy/core/multiarray.py
<<dot: (array([[ 0.3827631 , -2.54277404],
       [-0.67034027, -1.68476456],
       [-0.35698963,  1.70097647],
       [ 0.8957227 , -1.36298426],
       [ 1.97123336, -1.24633965],
       [ 0.61827057,  0.29590775],
       [ 1.41915901,  0.79499718],
       [ 1.40733481, -0.00507825],
       [-1.13773443, -0.39899779],
       [-0.11538987,  0.23859178],
       [-1.70983406, -0.63138767],
       [ 1.08014757, -0.13130111],
       [-0.53193413, -0.08930705]]), array([[1., 0.],
       [0., 1.]]), None)
>>_vhstack_dispatcher: /home/eugenio/.local/lib/python3.11/site-packages/numpy/core/shape_base.py
>>>_arrays_for_stack_dispatcher: /home/eugenio/.local/lib/python3.11/site-packages/numpy/core/shape_base.py
<<<_arrays_for_stack_dispatcher: (array([[ 0.3827631 , -2.54277404],
       [-0.67034027, -1.68476456],
       [-0.35698963,  1.70097647],
       [ 0.8957227 , -1.36298426],
       [ 1.97123336, -1.24633965],
       [ 0.61827057,  0.29590775],
       [ 1.41915901,  0.79499718],
       [ 1.40733481, -0.00507825],
       [-1.13773443, -0.39899779],
       [-0.11538987,  0.23859178],
       [-1.70983406, -0.63138767],
       [ 1.08014757, -0.13130111],
       [-0.53193413, -0.08930705]]), array([[ 0.3827631 , -2.54277404],
       [-0.67034027, -1.68476456],
       [-0.35698963,  1.70097647],
       [ 0.8957227 , -1.36298426],
       [ 1.97123336, -1.24633965],
       [ 0.61827057,  0.29590775],
       [ 1.41915901,  0.79499718],
       [ 1.40733481, -0.00507825],
       [-1.13773443, -0.39899779],
       [-0.11538987,  0.23859178],
       [-1.70983406, -0.63138767],
       [ 1.08014757, -0.13130111],
       [-0.53193413, -0.08930705]]))
<<_vhstack_dispatcher: (array([[ 0.3827631 , -2.54277404],
       [-0.67034027, -1.68476456],
       [-0.35698963,  1.70097647],
       [ 0.8957227 , -1.36298426],
       [ 1.97123336, -1.24633965],
       [ 0.61827057,  0.29590775],
       [ 1.41915901,  0.79499718],
       [ 1.40733481, -0.00507825],
       [-1.13773443, -0.39899779],
       [-0.11538987,  0.23859178],
       [-1.70983406, -0.63138767],
       [ 1.08014757, -0.13130111],
       [-0.53193413, -0.08930705]]), array([[ 0.3827631 , -2.54277404],
       [-0.67034027, -1.68476456],
       [-0.35698963,  1.70097647],
       [ 0.8957227 , -1.36298426],
       [ 1.97123336, -1.24633965],
       [ 0.61827057,  0.29590775],
       [ 1.41915901,  0.79499718],
       [ 1.40733481, -0.00507825],
       [-1.13773443, -0.39899779],
       [-0.11538987,  0.23859178],
       [-1.70983406, -0.63138767],
       [ 1.08014757, -0.13130111],
       [-0.53193413, -0.08930705]]))
>>hstack: /home/eugenio/.local/lib/python3.11/site-packages/numpy/core/shape_base.py
>>>_atleast_1d_dispatcher: /home/eugenio/.local/lib/python3.11/site-packages/numpy/core/shape_base.py
<<<_atleast_1d_dispatcher: (array([[ 0.3827631 , -2.54277404],
       [-0.67034027, -1.68476456],
       [-0.35698963,  1.70097647],
       [ 0.8957227 , -1.36298426],
       [ 1.97123336, -1.24633965],
       [ 0.61827057,  0.29590775],
       [ 1.41915901,  0.79499718],
       [ 1.40733481, -0.00507825],
       [-1.13773443, -0.39899779],
       [-0.11538987,  0.23859178],
       [-1.70983406, -0.63138767],
       [ 1.08014757, -0.13130111],
       [-0.53193413, -0.08930705]]), array([[ 0.3827631 , -2.54277404],
       [-0.67034027, -1.68476456],
       [-0.35698963,  1.70097647],
       [ 0.8957227 , -1.36298426],
       [ 1.97123336, -1.24633965],
       [ 0.61827057,  0.29590775],
       [ 1.41915901,  0.79499718],
       [ 1.40733481, -0.00507825],
       [-1.13773443, -0.39899779],
       [-0.11538987,  0.23859178],
       [-1.70983406, -0.63138767],
       [ 1.08014757, -0.13130111],
       [-0.53193413, -0.08930705]]))
>>>atleast_1d: /home/eugenio/.local/lib/python3.11/site-packages/numpy/core/shape_base.py
<<<atleast_1d: [array([[ 0.3827631 , -2.54277404],
       [-0.67034027, -1.68476456],
       [-0.35698963,  1.70097647],
       [ 0.8957227 , -1.36298426],
       [ 1.97123336, -1.24633965],
       [ 0.61827057,  0.29590775],
       [ 1.41915901,  0.79499718],
       [ 1.40733481, -0.00507825],
       [-1.13773443, -0.39899779],
       [-0.11538987,  0.23859178],
       [-1.70983406, -0.63138767],
       [ 1.08014757, -0.13130111],
       [-0.53193413, -0.08930705]]), array([[ 0.3827631 , -2.54277404],
       [-0.67034027, -1.68476456],
       [-0.35698963,  1.70097647],
       [ 0.8957227 , -1.36298426],
       [ 1.97123336, -1.24633965],
       [ 0.61827057,  0.29590775],
       [ 1.41915901,  0.79499718],
       [ 1.40733481, -0.00507825],
       [-1.13773443, -0.39899779],
       [-0.11538987,  0.23859178],
       [-1.70983406, -0.63138767],
       [ 1.08014757, -0.13130111],
       [-0.53193413, -0.08930705]])]
>>>concatenate: /home/eugenio/.local/lib/python3.11/site-packages/numpy/core/multiarray.py
<<<concatenate: [array([[ 0.3827631 , -2.54277404],
       [-0.67034027, -1.68476456],
       [-0.35698963,  1.70097647],
       [ 0.8957227 , -1.36298426],
       [ 1.97123336, -1.24633965],
       [ 0.61827057,  0.29590775],
       [ 1.41915901,  0.79499718],
       [ 1.40733481, -0.00507825],
       [-1.13773443, -0.39899779],
       [-0.11538987,  0.23859178],
       [-1.70983406, -0.63138767],
       [ 1.08014757, -0.13130111],
       [-0.53193413, -0.08930705]]), array([[ 0.3827631 , -2.54277404],
       [-0.67034027, -1.68476456],
       [-0.35698963,  1.70097647],
       [ 0.8957227 , -1.36298426],
       [ 1.97123336, -1.24633965],
       [ 0.61827057,  0.29590775],
       [ 1.41915901,  0.79499718],
       [ 1.40733481, -0.00507825],
       [-1.13773443, -0.39899779],
       [-0.11538987,  0.23859178],
       [-1.70983406, -0.63138767],
       [ 1.08014757, -0.13130111],
       [-0.53193413, -0.08930705]])]
<<hstack: [[ 0.3827631  -2.54277404  0.3827631  -2.54277404]
 [-0.67034027 -1.68476456 -0.67034027 -1.68476456]
 [-0.35698963  1.70097647 -0.35698963  1.70097647]
 [ 0.8957227  -1.36298426  0.8957227  -1.36298426]
 [ 1.97123336 -1.24633965  1.97123336 -1.24633965]
 [ 0.61827057  0.29590775  0.61827057  0.29590775]
 [ 1.41915901  0.79499718  1.41915901  0.79499718]
 [ 1.40733481 -0.00507825  1.40733481 -0.00507825]
 [-1.13773443 -0.39899779 -1.13773443 -0.39899779]
 [-0.11538987  0.23859178 -0.11538987  0.23859178]
 [-1.70983406 -0.63138767 -1.70983406 -0.63138767]
 [ 1.08014757 -0.13130111  1.08014757 -0.13130111]
 [-0.53193413 -0.08930705 -0.53193413 -0.08930705]]
>>shrink_cov: /home/eugenio/Área de trabalho/Grad/TT/projetos-TT/analytic_shrinkage/nonlinshrink/nonlinshrink.py
>>>dot: /home/eugenio/.local/lib/python3.11/site-packages/numpy/core/multiarray.py
<<<dot: (array([[ 0.3827631 , -0.67034027, -0.35698963,  0.8957227 ,  1.97123336,
         0.61827057,  1.41915901,  1.40733481, -1.13773443, -0.11538987,
        -1.70983406,  1.08014757, -0.53193413],
       [-2.54277404, -1.68476456,  1.70097647, -1.36298426, -1.24633965,
         0.29590775,  0.79499718, -0.00507825, -0.39899779,  0.23859178,
        -0.63138767, -0.13130111, -0.08930705],
       [ 0.3827631 , -0.67034027, -0.35698963,  0.8957227 ,  1.97123336,
         0.61827057,  1.41915901,  1.40733481, -1.13773443, -0.11538987,
        -1.70983406,  1.08014757, -0.53193413],
       [-2.54277404, -1.68476456,  1.70097647, -1.36298426, -1.24633965,
         0.29590775,  0.79499718, -0.00507825, -0.39899779,  0.23859178,
        -0.63138767, -0.13130111, -0.08930705]]), array([[ 0.3827631 , -2.54277404,  0.3827631 , -2.54277404],
       [-0.67034027, -1.68476456, -0.67034027, -1.68476456],
       [-0.35698963,  1.70097647, -0.35698963,  1.70097647],
       [ 0.8957227 , -1.36298426,  0.8957227 , -1.36298426],
       [ 1.97123336, -1.24633965,  1.97123336, -1.24633965],
       [ 0.61827057,  0.29590775,  0.61827057,  0.29590775],
       [ 1.41915901,  0.79499718,  1.41915901,  0.79499718],
       [ 1.40733481, -0.00507825,  1.40733481, -0.00507825],
       [-1.13773443, -0.39899779, -1.13773443, -0.39899779],
       [-0.11538987,  0.23859178, -0.11538987,  0.23859178],
       [-1.70983406, -0.63138767, -1.70983406, -0.63138767],
       [ 1.08014757, -0.13130111,  1.08014757, -0.13130111],
       [-0.53193413, -0.08930705, -0.53193413, -0.08930705]]), None)
>>>_eigvalsh_dispatcher: /home/eugenio/.local/lib/python3.11/site-packages/numpy/linalg/linalg.py
<<<_eigvalsh_dispatcher: (array([[ 1.18993901, -0.10870189,  1.18993901, -0.10870189],
       [-0.10870189,  1.30524155, -0.10870189,  1.30524155],
       [ 1.18993901, -0.10870189,  1.18993901, -0.10870189],
       [-0.10870189,  1.30524155, -0.10870189,  1.30524155]]),)
>>>eigh: /home/eugenio/.local/lib/python3.11/site-packages/numpy/linalg/linalg.py
>>>>_makearray: /home/eugenio/.local/lib/python3.11/site-packages/numpy/linalg/linalg.py
<<<<_makearray: (array([[ 1.18993901, -0.10870189,  1.18993901, -0.10870189],
       [-0.10870189,  1.30524155, -0.10870189,  1.30524155],
       [ 1.18993901, -0.10870189,  1.18993901, -0.10870189],
       [-0.10870189,  1.30524155, -0.10870189,  1.30524155]]), <built-in method __array_prepare__ of numpy.ndarray object at 0x7fa477ba6550>)
>>>>_assert_stacked_2d: /home/eugenio/.local/lib/python3.11/site-packages/numpy/linalg/linalg.py
<<<<_assert_stacked_2d: None
>>>>_assert_stacked_square: /home/eugenio/.local/lib/python3.11/site-packages/numpy/linalg/linalg.py
<<<<_assert_stacked_square: None
>>>>_commonType: /home/eugenio/.local/lib/python3.11/site-packages/numpy/linalg/linalg.py
>>>>>isComplexType: /home/eugenio/.local/lib/python3.11/site-packages/numpy/linalg/linalg.py
<<<<<isComplexType: False
>>>>>_realType: /home/eugenio/.local/lib/python3.11/site-packages/numpy/linalg/linalg.py
<<<<<_realType: <class 'numpy.float64'>
<<<<_commonType: (<class 'numpy.float64'>, <class 'numpy.float64'>)
>>>>get_linalg_error_extobj: /home/eugenio/.local/lib/python3.11/site-packages/numpy/linalg/linalg.py
<<<<get_linalg_error_extobj: [8192, 1536, <function _raise_linalgerror_eigenvalues_nonconvergence at 0x7fa48e3cce00>]
>>>>isComplexType: /home/eugenio/.local/lib/python3.11/site-packages/numpy/linalg/linalg.py
<<<<isComplexType: False
>>>>_realType: /home/eugenio/.local/lib/python3.11/site-packages/numpy/linalg/linalg.py
<<<<_realType: <class 'numpy.float64'>
>>>><lambda>: <string>
<<<<<lambda>: EighResult(eigenvalues=array([-8.88888206e-16,  4.29709753e-16,  2.24909300e+00,  2.74126810e+00]), eigenvectors=array([[-0.70691644, -0.01640562, -0.60591723,  0.36450556],
       [-0.01640562,  0.70691644, -0.36450556, -0.60591723],
       [ 0.70691644,  0.01640562, -0.60591723,  0.36450556],
       [ 0.01640562, -0.70691644, -0.36450556, -0.60591723]]))
<<<eigh: EighResult(eigenvalues=array([-8.88888206e-16,  4.29709753e-16,  2.24909300e+00,  2.74126810e+00]), eigenvectors=array([[-0.70691644, -0.01640562, -0.60591723,  0.36450556],
       [-0.01640562,  0.70691644, -0.36450556, -0.60591723],
       [ 0.70691644,  0.01640562, -0.60591723,  0.36450556],
       [ 0.01640562, -0.70691644, -0.36450556, -0.60591723]]))
<<shrink_cov: None
>>inner: /usr/lib/python3.11/typing.py
>>>__getitem__: /usr/lib/python3.11/typing.py
>>>><genexpr>: /usr/lib/python3.11/typing.py
>>>>>_type_check: /usr/lib/python3.11/typing.py
>>>>>>_type_convert: /usr/lib/python3.11/typing.py
<<<<<<_type_convert: ~E
<<<<<_type_check: ~E
<<<<<genexpr>: ~E
>>>><genexpr>: /usr/lib/python3.11/typing.py
<<<<<genexpr>: None
>>>>_check_generic: /usr/lib/python3.11/typing.py
<<<<_check_generic: None
>>>>copy_with: /usr/lib/python3.11/typing.py
>>>>>__init__: /usr/lib/python3.11/typing.py
>>>>>>__init__: /usr/lib/python3.11/typing.py
>>>>>>>__setattr__: /usr/lib/python3.11/typing.py
>>>>>>>>_is_dunder: /usr/lib/python3.11/typing.py
<<<<<<<<_is_dunder: False
<<<<<<<__setattr__: None
>>>>>>>__setattr__: /usr/lib/python3.11/typing.py
>>>>>>>>_is_dunder: /usr/lib/python3.11/typing.py
<<<<<<<<_is_dunder: False
<<<<<<<__setattr__: None
>>>>>>>__setattr__: /usr/lib/python3.11/typing.py
>>>>>>>>_is_dunder: /usr/lib/python3.11/typing.py
<<<<<<<<_is_dunder: True
<<<<<<<__setattr__: None
>>>>>>>__setattr__: /usr/lib/python3.11/typing.py
>>>>>>>>_is_dunder: /usr/lib/python3.11/typing.py
<<<<<<<<_is_dunder: True
<<<<<<<__setattr__: None
<<<<<<__init__: None
>>>>>><genexpr>: /usr/lib/python3.11/typing.py
<<<<<<<genexpr>: ~E
>>>>>><genexpr>: /usr/lib/python3.11/typing.py
<<<<<<<genexpr>: None
>>>>>>__setattr__: /usr/lib/python3.11/typing.py
>>>>>>>_is_dunder: /usr/lib/python3.11/typing.py
<<<<<<<_is_dunder: True
<<<<<<__setattr__: None
>>>>>>_collect_parameters: /usr/lib/python3.11/typing.py
<<<<<<_collect_parameters: (~E,)
>>>>>>__setattr__: /usr/lib/python3.11/typing.py
>>>>>>>_is_dunder: /usr/lib/python3.11/typing.py
<<<<<<<_is_dunder: True
<<<<<<__setattr__: None
>>>>>>__setattr__: /usr/lib/python3.11/typing.py
>>>>>>>_is_dunder: /usr/lib/python3.11/typing.py
<<<<<<<_is_dunder: False
<<<<<<__setattr__: None
<<<<<__init__: None
<<<<copy_with: typing.Type[~E]
<<<__getitem__: typing.Type[~E]
<<inner: typing.Type[~E]
>>inner: /usr/lib/python3.11/typing.py
>>>__hash__: /usr/lib/python3.11/typing.py
<<<__hash__: 8908687115524010631
>>>__getitem__: /usr/lib/python3.11/typing.py
>>>><genexpr>: /usr/lib/python3.11/typing.py
>>>>>_type_check: /usr/lib/python3.11/typing.py
>>>>>>_type_convert: /usr/lib/python3.11/typing.py
<<<<<<_type_convert: typing.Type[~E]
>>>>>>__eq__: /usr/lib/python3.11/typing.py
<<<<<<__eq__: NotImplemented
>>>>>>__eq__: /usr/lib/python3.11/typing.py
<<<<<<__eq__: NotImplemented
>>>>>>__eq__: /usr/lib/python3.11/typing.py
<<<<<<__eq__: NotImplemented
>>>>>>__eq__: /usr/lib/python3.11/typing.py
<<<<<<__eq__: NotImplemented
>>>>>>__eq__: /usr/lib/python3.11/typing.py
<<<<<<__eq__: NotImplemented
>>>>>>__eq__: /usr/lib/python3.11/typing.py
<<<<<<__eq__: NotImplemented
>>>>>>__eq__: /usr/lib/python3.11/typing.py
<<<<<<__eq__: NotImplemented
>>>>>>__eq__: /usr/lib/python3.11/typing.py
<<<<<<__eq__: NotImplemented
<<<<<_type_check: typing.Type[~E]
<<<<<genexpr>: typing.Type[~E]
>>>><genexpr>: /usr/lib/python3.11/typing.py
>>>>>_type_check: /usr/lib/python3.11/typing.py
>>>>>>_type_convert: /usr/lib/python3.11/typing.py
<<<<<<_type_convert: ~E
<<<<<_type_check: ~E
<<<<<genexpr>: ~E
>>>><genexpr>: /usr/lib/python3.11/typing.py
>>>>>_type_check: /usr/lib/python3.11/typing.py
>>>>>>_type_convert: /usr/lib/python3.11/typing.py
<<<<<<_type_convert: <class 'traceback'>
<<<<<_type_check: <class 'traceback'>
<<<<<genexpr>: <class 'traceback'>
>>>><genexpr>: /usr/lib/python3.11/typing.py
<<<<<genexpr>: None
>>>>copy_with: /usr/lib/python3.11/typing.py
>>>>>__init__: /usr/lib/python3.11/typing.py
>>>>>>__init__: /usr/lib/python3.11/typing.py
>>>>>>>__setattr__: /usr/lib/python3.11/typing.py
>>>>>>>>_is_dunder: /usr/lib/python3.11/typing.py
<<<<<<<<_is_dunder: False
<<<<<<<__setattr__: None
>>>>>>>__setattr__: /usr/lib/python3.11/typing.py
>>>>>>>>_is_dunder: /usr/lib/python3.11/typing.py
<<<<<<<<_is_dunder: False
<<<<<<<__setattr__: None
>>>>>>>__setattr__: /usr/lib/python3.11/typing.py
>>>>>>>>_is_dunder: /usr/lib/python3.11/typing.py
<<<<<<<<_is_dunder: True
<<<<<<<__setattr__: None
>>>>>>>__setattr__: /usr/lib/python3.11/typing.py
>>>>>>>>_is_dunder: /usr/lib/python3.11/typing.py
<<<<<<<<_is_dunder: True
<<<<<<<__setattr__: None
<<<<<<__init__: None
>>>>>><genexpr>: /usr/lib/python3.11/typing.py
<<<<<<<genexpr>: typing.Type[~E]
>>>>>><genexpr>: /usr/lib/python3.11/typing.py
<<<<<<<genexpr>: ~E
>>>>>><genexpr>: /usr/lib/python3.11/typing.py
<<<<<<<genexpr>: <class 'traceback'>
>>>>>><genexpr>: /usr/lib/python3.11/typing.py
<<<<<<<genexpr>: None
>>>>>>__setattr__: /usr/lib/python3.11/typing.py
>>>>>>>_is_dunder: /usr/lib/python3.11/typing.py
<<<<<<<_is_dunder: True
<<<<<<__setattr__: None
>>>>>>_collect_parameters: /usr/lib/python3.11/typing.py
>>>>>>>__getattr__: /usr/lib/python3.11/typing.py
>>>>>>>>_is_dunder: /usr/lib/python3.11/typing.py
<<<<<<<<_is_dunder: True
<<<<<<<__getattr__: None
<<<<<<_collect_parameters: (~E,)
>>>>>>__setattr__: /usr/lib/python3.11/typing.py
>>>>>>>_is_dunder: /usr/lib/python3.11/typing.py
<<<<<<<_is_dunder: True
<<<<<<__setattr__: None
>>>>>>__setattr__: /usr/lib/python3.11/typing.py
>>>>>>>_is_dunder: /usr/lib/python3.11/typing.py
<<<<<<<_is_dunder: False
<<<<<<__setattr__: None
<<<<<__init__: None
<<<<copy_with: typing.Tuple[typing.Type[~E], ~E, traceback]
<<<__getitem__: typing.Tuple[typing.Type[~E], ~E, traceback]
<<inner: typing.Tuple[typing.Type[~E], ~E, traceback]
>>cast: /usr/lib/python3.11/typing.py
<<cast: (<class 'ValueError'>, ValueError('Matrix is singular'), <traceback object at 0x7fa477d59d40>)
<test_singular: None
>cast: /usr/lib/python3.11/typing.py
<cast: None
>__exit__: /usr/lib/python3.11/contextlib.py
>>reset: <frozen codecs>
>>>reset: <frozen codecs>
<<<reset: None
<<reset: None
>>reset: <frozen codecs>
<<reset: None
>>decode: <frozen codecs>
<<decode: 
>>reset: <frozen codecs>
>>>reset: <frozen codecs>
<<<reset: None
<<reset: None
>>reset: <frozen codecs>
<<reset: None
>>reset: <frozen codecs>
>>>reset: <frozen codecs>
<<<reset: None
<<reset: None
>>reset: <frozen codecs>
<<reset: None
>>decode: <frozen codecs>
<<decode: 
>>reset: <frozen codecs>
>>>reset: <frozen codecs>
<<<reset: None
<<reset: None
>>reset: <frozen codecs>
<<reset: None
<__exit__: False
>getLogger: /usr/lib/python3.11/logging/__init__.py
<getLogger: <RootLogger root (WARNING)>
>removeHandler: /usr/lib/python3.11/logging/__init__.py
>>_acquireLock: /usr/lib/python3.11/logging/__init__.py
<<_acquireLock: None
>>_releaseLock: /usr/lib/python3.11/logging/__init__.py
<<_releaseLock: None
<removeHandler: None
>getLogger: /usr/lib/python3.11/logging/__init__.py
<getLogger: <RootLogger root (WARNING)>
>removeHandler: /usr/lib/python3.11/logging/__init__.py
>>_acquireLock: /usr/lib/python3.11/logging/__init__.py
<<_acquireLock: None
>>_releaseLock: /usr/lib/python3.11/logging/__init__.py
<<_releaseLock: None
<removeHandler: None
>__hash__: /usr/lib/python3.11/pathlib.py
<__hash__: -8452545354329954521
>__eq__: /usr/lib/python3.11/pathlib.py
>>_cparts: /usr/lib/python3.11/pathlib.py
<<_cparts: ['/', 'home', 'eugenio', 'Área de trabalho', 'Grad', 'TT', 'projetos-TT', 'analytic_shrinkage', 'nonlinshrink', 'test', 'test_analytic_shrinkage_copy.py']
>>_cparts: /usr/lib/python3.11/pathlib.py
<<_cparts: ['/', 'home', 'eugenio', 'Área de trabalho', 'Grad', 'TT', 'projetos-TT', 'analytic_shrinkage', 'nonlinshrink', 'test', 'test_analytic_shrinkage_copy.py']
<__eq__: True
>__hash__: /usr/lib/python3.11/pathlib.py
<__hash__: 5645248148157726380
>pytest_runtest_makereport: /home/eugenio/Área de trabalho/Grad/TT/projetos-TT/Analise/analise.py
<pytest_runtest_makereport: None
>cast: /usr/lib/python3.11/typing.py
<cast: None
>pytest_runtest_makereport: /home/eugenio/Área de trabalho/Grad/TT/projetos-TT/Analise/analise.py
<pytest_runtest_makereport: None
>__hash__: /usr/lib/python3.11/pathlib.py
<__hash__: -8452545354329954521
>__eq__: /usr/lib/python3.11/pathlib.py
>>_cparts: /usr/lib/python3.11/pathlib.py
<<_cparts: ['/', 'home', 'eugenio', 'Área de trabalho', 'Grad', 'TT', 'projetos-TT', 'analytic_shrinkage', 'nonlinshrink', 'test', 'test_analytic_shrinkage_copy.py']
>>_cparts: /usr/lib/python3.11/pathlib.py
<<_cparts: ['/', 'home', 'eugenio', 'Área de trabalho', 'Grad', 'TT', 'projetos-TT', 'analytic_shrinkage', 'nonlinshrink', 'test', 'test_analytic_shrinkage_copy.py']
<__eq__: True
>__hash__: /usr/lib/python3.11/pathlib.py
<__hash__: 5645248148157726380
>getLogger: /usr/lib/python3.11/logging/__init__.py
<getLogger: <RootLogger root (WARNING)>
>addHandler: /usr/lib/python3.11/logging/__init__.py
>>_acquireLock: /usr/lib/python3.11/logging/__init__.py
<<_acquireLock: None
>>_releaseLock: /usr/lib/python3.11/logging/__init__.py
<<_releaseLock: None
<addHandler: None
>getLogger: /usr/lib/python3.11/logging/__init__.py
<getLogger: <RootLogger root (WARNING)>
>addHandler: /usr/lib/python3.11/logging/__init__.py
>>_acquireLock: /usr/lib/python3.11/logging/__init__.py
<<_acquireLock: None
>>_releaseLock: /usr/lib/python3.11/logging/__init__.py
<<_releaseLock: None
<addHandler: None
>cast: /usr/lib/python3.11/typing.py
<cast: {'setup': [], 'call': []}
>helper: /usr/lib/python3.11/contextlib.py
>>__init__: /usr/lib/python3.11/contextlib.py
<<__init__: None
<helper: <contextlib._GeneratorContextManager object at 0x7fa4775ac310>
>__enter__: /usr/lib/python3.11/contextlib.py
<__enter__: None
>__setitem__: <frozen os>
>>encode: <frozen os>
<<encode: b'PYTEST_CURRENT_TEST'
>>encode: <frozen os>
<<encode: b'analytic_shrinkage/nonlinshrink/test/test_analytic_shrinkage_copy.py::test_singular (teardown)'
<__setitem__: None
>end: /home/eugenio/Área de trabalho/Grad/TT/projetos-TT/conftest.py
