>__exit__: /usr/lib/python3.11/contextlib.py
>>reset: <frozen codecs>
>>>reset: <frozen codecs>
<<<reset: None
<<reset: None
>>reset: <frozen codecs>
<<reset: None
>>decode: <frozen codecs>
<<decode: 
>>reset: <frozen codecs>
>>>reset: <frozen codecs>
<<<reset: None
<<reset: None
>>reset: <frozen codecs>
<<reset: None
>>reset: <frozen codecs>
>>>reset: <frozen codecs>
<<<reset: None
<<reset: None
>>reset: <frozen codecs>
<<reset: None
>>decode: <frozen codecs>
<<decode: 
>>reset: <frozen codecs>
>>>reset: <frozen codecs>
<<<reset: None
<<reset: None
>>reset: <frozen codecs>
<<reset: None
<__exit__: False
>getLogger: /usr/lib/python3.11/logging/__init__.py
<getLogger: <RootLogger root (WARNING)>
>removeHandler: /usr/lib/python3.11/logging/__init__.py
>>_acquireLock: /usr/lib/python3.11/logging/__init__.py
<<_acquireLock: None
>>_releaseLock: /usr/lib/python3.11/logging/__init__.py
<<_releaseLock: None
<removeHandler: None
>getLogger: /usr/lib/python3.11/logging/__init__.py
<getLogger: <RootLogger root (WARNING)>
>removeHandler: /usr/lib/python3.11/logging/__init__.py
>>_acquireLock: /usr/lib/python3.11/logging/__init__.py
<<_acquireLock: None
>>_releaseLock: /usr/lib/python3.11/logging/__init__.py
<<_releaseLock: None
<removeHandler: None
>__hash__: /usr/lib/python3.11/pathlib.py
<__hash__: -8452545354329954521
>__eq__: /usr/lib/python3.11/pathlib.py
>>_cparts: /usr/lib/python3.11/pathlib.py
<<_cparts: ['/', 'home', 'eugenio', 'Área de trabalho', 'Grad', 'TT', 'projetos-TT', 'analytic_shrinkage', 'nonlinshrink', 'test', 'test_analytic_shrinkage_copy.py']
>>_cparts: /usr/lib/python3.11/pathlib.py
<<_cparts: ['/', 'home', 'eugenio', 'Área de trabalho', 'Grad', 'TT', 'projetos-TT', 'analytic_shrinkage', 'nonlinshrink', 'test', 'test_analytic_shrinkage_copy.py']
<__eq__: True
>__hash__: /usr/lib/python3.11/pathlib.py
<__hash__: 5645248148157726380
>pytest_runtest_makereport: /home/eugenio/Área de trabalho/Grad/TT/projetos-TT/Analise/analise.py
<pytest_runtest_makereport: None
>cast: /usr/lib/python3.11/typing.py
<cast: None
>pytest_runtest_makereport: /home/eugenio/Área de trabalho/Grad/TT/projetos-TT/Analise/analise.py
<pytest_runtest_makereport: None
>__hash__: /usr/lib/python3.11/pathlib.py
<__hash__: -8452545354329954521
>__eq__: /usr/lib/python3.11/pathlib.py
>>_cparts: /usr/lib/python3.11/pathlib.py
<<_cparts: ['/', 'home', 'eugenio', 'Área de trabalho', 'Grad', 'TT', 'projetos-TT', 'analytic_shrinkage', 'nonlinshrink', 'test', 'test_analytic_shrinkage_copy.py']
>>_cparts: /usr/lib/python3.11/pathlib.py
<<_cparts: ['/', 'home', 'eugenio', 'Área de trabalho', 'Grad', 'TT', 'projetos-TT', 'analytic_shrinkage', 'nonlinshrink', 'test', 'test_analytic_shrinkage_copy.py']
<__eq__: True
>__hash__: /usr/lib/python3.11/pathlib.py
<__hash__: 5645248148157726380
>getLogger: /usr/lib/python3.11/logging/__init__.py
<getLogger: <RootLogger root (WARNING)>
>addHandler: /usr/lib/python3.11/logging/__init__.py
>>_acquireLock: /usr/lib/python3.11/logging/__init__.py
<<_acquireLock: None
>>_releaseLock: /usr/lib/python3.11/logging/__init__.py
<<_releaseLock: None
<addHandler: None
>getLogger: /usr/lib/python3.11/logging/__init__.py
<getLogger: <RootLogger root (WARNING)>
>addHandler: /usr/lib/python3.11/logging/__init__.py
>>_acquireLock: /usr/lib/python3.11/logging/__init__.py
<<_acquireLock: None
>>_releaseLock: /usr/lib/python3.11/logging/__init__.py
<<_releaseLock: None
<addHandler: None
>cast: /usr/lib/python3.11/typing.py
<cast: {'setup': []}
>helper: /usr/lib/python3.11/contextlib.py
>>__init__: /usr/lib/python3.11/contextlib.py
<<__init__: None
<helper: <contextlib._GeneratorContextManager object at 0x7fa477c7c510>
>__enter__: /usr/lib/python3.11/contextlib.py
<__enter__: None
>cast: /usr/lib/python3.11/typing.py
<cast: None
>__setitem__: <frozen os>
>>encode: <frozen os>
<<encode: b'PYTEST_CURRENT_TEST'
>>encode: <frozen os>
<<encode: b'analytic_shrinkage/nonlinshrink/test/test_analytic_shrinkage_copy.py::test_large_p (call)'
<__setitem__: None
>__hash__: /usr/lib/python3.11/pathlib.py
<__hash__: -8452545354329954521
>__eq__: /usr/lib/python3.11/pathlib.py
>>_cparts: /usr/lib/python3.11/pathlib.py
<<_cparts: ['/', 'home', 'eugenio', 'Área de trabalho', 'Grad', 'TT', 'projetos-TT', 'analytic_shrinkage', 'nonlinshrink', 'test', 'test_analytic_shrinkage_copy.py']
>>_cparts: /usr/lib/python3.11/pathlib.py
<<_cparts: ['/', 'home', 'eugenio', 'Área de trabalho', 'Grad', 'TT', 'projetos-TT', 'analytic_shrinkage', 'nonlinshrink', 'test', 'test_analytic_shrinkage_copy.py']
<__eq__: True
>__hash__: /usr/lib/python3.11/pathlib.py
<__hash__: 5645248148157726380
>iscoroutinefunction: /usr/lib/python3.11/inspect.py
>>_has_code_flag: /usr/lib/python3.11/inspect.py
>>>ismethod: /usr/lib/python3.11/inspect.py
<<<ismethod: False
>>>_unwrap_partial: /usr/lib/python3.11/functools.py
<<<_unwrap_partial: <function test_large_p at 0x7fa479e33380>
>>>isfunction: /usr/lib/python3.11/inspect.py
<<<isfunction: True
<<_has_code_flag: False
<iscoroutinefunction: False
>isasyncgenfunction: /usr/lib/python3.11/inspect.py
>>_has_code_flag: /usr/lib/python3.11/inspect.py
>>>ismethod: /usr/lib/python3.11/inspect.py
<<<ismethod: False
>>>_unwrap_partial: /usr/lib/python3.11/functools.py
<<<_unwrap_partial: <function test_large_p at 0x7fa479e33380>
>>>isfunction: /usr/lib/python3.11/inspect.py
<<<isfunction: True
<<_has_code_flag: False
<isasyncgenfunction: False
>test_large_p: /home/eugenio/Área de trabalho/Grad/TT/projetos-TT/analytic_shrinkage/nonlinshrink/test/test_analytic_shrinkage_copy.py
>>eye: /home/eugenio/.local/lib/python3.11/site-packages/numpy/lib/twodim_base.py
<<eye: [[1. 0. 0. 0. 0. 0. 0. 0. 0. 0. 0. 0. 0.]
 [0. 1. 0. 0. 0. 0. 0. 0. 0. 0. 0. 0. 0.]
 [0. 0. 1. 0. 0. 0. 0. 0. 0. 0. 0. 0. 0.]
 [0. 0. 0. 1. 0. 0. 0. 0. 0. 0. 0. 0. 0.]
 [0. 0. 0. 0. 1. 0. 0. 0. 0. 0. 0. 0. 0.]
 [0. 0. 0. 0. 0. 1. 0. 0. 0. 0. 0. 0. 0.]
 [0. 0. 0. 0. 0. 0. 1. 0. 0. 0. 0. 0. 0.]
 [0. 0. 0. 0. 0. 0. 0. 1. 0. 0. 0. 0. 0.]
 [0. 0. 0. 0. 0. 0. 0. 0. 1. 0. 0. 0. 0.]
 [0. 0. 0. 0. 0. 0. 0. 0. 0. 1. 0. 0. 0.]
 [0. 0. 0. 0. 0. 0. 0. 0. 0. 0. 1. 0. 0.]
 [0. 0. 0. 0. 0. 0. 0. 0. 0. 0. 0. 1. 0.]
 [0. 0. 0. 0. 0. 0. 0. 0. 0. 0. 0. 0. 1.]]
>>_handle_fromlist: <frozen importlib._bootstrap>
<<_handle_fromlist: <module 'numpy.linalg' from '/home/eugenio/.local/lib/python3.11/site-packages/numpy/linalg/__init__.py'>
>>_svd_dispatcher: /home/eugenio/.local/lib/python3.11/site-packages/numpy/linalg/linalg.py
<<_svd_dispatcher: (array([[1., 0., 0., 0., 0., 0., 0., 0., 0., 0., 0., 0., 0.],
       [0., 1., 0., 0., 0., 0., 0., 0., 0., 0., 0., 0., 0.],
       [0., 0., 1., 0., 0., 0., 0., 0., 0., 0., 0., 0., 0.],
       [0., 0., 0., 1., 0., 0., 0., 0., 0., 0., 0., 0., 0.],
       [0., 0., 0., 0., 1., 0., 0., 0., 0., 0., 0., 0., 0.],
       [0., 0., 0., 0., 0., 1., 0., 0., 0., 0., 0., 0., 0.],
       [0., 0., 0., 0., 0., 0., 1., 0., 0., 0., 0., 0., 0.],
       [0., 0., 0., 0., 0., 0., 0., 1., 0., 0., 0., 0., 0.],
       [0., 0., 0., 0., 0., 0., 0., 0., 1., 0., 0., 0., 0.],
       [0., 0., 0., 0., 0., 0., 0., 0., 0., 1., 0., 0., 0.],
       [0., 0., 0., 0., 0., 0., 0., 0., 0., 0., 1., 0., 0.],
       [0., 0., 0., 0., 0., 0., 0., 0., 0., 0., 0., 1., 0.],
       [0., 0., 0., 0., 0., 0., 0., 0., 0., 0., 0., 0., 1.]]),)
>>svd: /home/eugenio/.local/lib/python3.11/site-packages/numpy/linalg/linalg.py
>>>_makearray: /home/eugenio/.local/lib/python3.11/site-packages/numpy/linalg/linalg.py
<<<_makearray: (array([[1., 0., 0., 0., 0., 0., 0., 0., 0., 0., 0., 0., 0.],
       [0., 1., 0., 0., 0., 0., 0., 0., 0., 0., 0., 0., 0.],
       [0., 0., 1., 0., 0., 0., 0., 0., 0., 0., 0., 0., 0.],
       [0., 0., 0., 1., 0., 0., 0., 0., 0., 0., 0., 0., 0.],
       [0., 0., 0., 0., 1., 0., 0., 0., 0., 0., 0., 0., 0.],
       [0., 0., 0., 0., 0., 1., 0., 0., 0., 0., 0., 0., 0.],
       [0., 0., 0., 0., 0., 0., 1., 0., 0., 0., 0., 0., 0.],
       [0., 0., 0., 0., 0., 0., 0., 1., 0., 0., 0., 0., 0.],
       [0., 0., 0., 0., 0., 0., 0., 0., 1., 0., 0., 0., 0.],
       [0., 0., 0., 0., 0., 0., 0., 0., 0., 1., 0., 0., 0.],
       [0., 0., 0., 0., 0., 0., 0., 0., 0., 0., 1., 0., 0.],
       [0., 0., 0., 0., 0., 0., 0., 0., 0., 0., 0., 1., 0.],
       [0., 0., 0., 0., 0., 0., 0., 0., 0., 0., 0., 0., 1.]]), <built-in method __array_prepare__ of numpy.ndarray object at 0x7fa477b08bd0>)
>>>_assert_stacked_2d: /home/eugenio/.local/lib/python3.11/site-packages/numpy/linalg/linalg.py
<<<_assert_stacked_2d: None
>>>_commonType: /home/eugenio/.local/lib/python3.11/site-packages/numpy/linalg/linalg.py
>>>>isComplexType: /home/eugenio/.local/lib/python3.11/site-packages/numpy/linalg/linalg.py
<<<<isComplexType: False
>>>>_realType: /home/eugenio/.local/lib/python3.11/site-packages/numpy/linalg/linalg.py
<<<<_realType: <class 'numpy.float64'>
<<<_commonType: (<class 'numpy.float64'>, <class 'numpy.float64'>)
>>>get_linalg_error_extobj: /home/eugenio/.local/lib/python3.11/site-packages/numpy/linalg/linalg.py
<<<get_linalg_error_extobj: [8192, 1536, <function _raise_linalgerror_svd_nonconvergence at 0x7fa48e3ccea0>]
>>>isComplexType: /home/eugenio/.local/lib/python3.11/site-packages/numpy/linalg/linalg.py
<<<isComplexType: False
>>>_realType: /home/eugenio/.local/lib/python3.11/site-packages/numpy/linalg/linalg.py
<<<_realType: <class 'numpy.float64'>
>>><lambda>: <string>
<<<<lambda>: SVDResult(U=array([[1., 0., 0., 0., 0., 0., 0., 0., 0., 0., 0., 0., 0.],
       [0., 1., 0., 0., 0., 0., 0., 0., 0., 0., 0., 0., 0.],
       [0., 0., 1., 0., 0., 0., 0., 0., 0., 0., 0., 0., 0.],
       [0., 0., 0., 1., 0., 0., 0., 0., 0., 0., 0., 0., 0.],
       [0., 0., 0., 0., 1., 0., 0., 0., 0., 0., 0., 0., 0.],
       [0., 0., 0., 0., 0., 1., 0., 0., 0., 0., 0., 0., 0.],
       [0., 0., 0., 0., 0., 0., 1., 0., 0., 0., 0., 0., 0.],
       [0., 0., 0., 0., 0., 0., 0., 1., 0., 0., 0., 0., 0.],
       [0., 0., 0., 0., 0., 0., 0., 0., 1., 0., 0., 0., 0.],
       [0., 0., 0., 0., 0., 0., 0., 0., 0., 1., 0., 0., 0.],
       [0., 0., 0., 0., 0., 0., 0., 0., 0., 0., 1., 0., 0.],
       [0., 0., 0., 0., 0., 0., 0., 0., 0., 0., 0., 1., 0.],
       [0., 0., 0., 0., 0., 0., 0., 0., 0., 0., 0., 0., 1.]]), S=array([1., 1., 1., 1., 1., 1., 1., 1., 1., 1., 1., 1., 1.]), Vh=array([[1., 0., 0., 0., 0., 0., 0., 0., 0., 0., 0., 0., 0.],
       [0., 1., 0., 0., 0., 0., 0., 0., 0., 0., 0., 0., 0.],
       [0., 0., 1., 0., 0., 0., 0., 0., 0., 0., 0., 0., 0.],
       [0., 0., 0., 1., 0., 0., 0., 0., 0., 0., 0., 0., 0.],
       [0., 0., 0., 0., 1., 0., 0., 0., 0., 0., 0., 0., 0.],
       [0., 0., 0., 0., 0., 1., 0., 0., 0., 0., 0., 0., 0.],
       [0., 0., 0., 0., 0., 0., 1., 0., 0., 0., 0., 0., 0.],
       [0., 0., 0., 0., 0., 0., 0., 1., 0., 0., 0., 0., 0.],
       [0., 0., 0., 0., 0., 0., 0., 0., 1., 0., 0., 0., 0.],
       [0., 0., 0., 0., 0., 0., 0., 0., 0., 1., 0., 0., 0.],
       [0., 0., 0., 0., 0., 0., 0., 0., 0., 0., 1., 0., 0.],
       [0., 0., 0., 0., 0., 0., 0., 0., 0., 0., 0., 1., 0.],
       [0., 0., 0., 0., 0., 0., 0., 0., 0., 0., 0., 0., 1.]]))
<<svd: SVDResult(U=array([[1., 0., 0., 0., 0., 0., 0., 0., 0., 0., 0., 0., 0.],
       [0., 1., 0., 0., 0., 0., 0., 0., 0., 0., 0., 0., 0.],
       [0., 0., 1., 0., 0., 0., 0., 0., 0., 0., 0., 0., 0.],
       [0., 0., 0., 1., 0., 0., 0., 0., 0., 0., 0., 0., 0.],
       [0., 0., 0., 0., 1., 0., 0., 0., 0., 0., 0., 0., 0.],
       [0., 0., 0., 0., 0., 1., 0., 0., 0., 0., 0., 0., 0.],
       [0., 0., 0., 0., 0., 0., 1., 0., 0., 0., 0., 0., 0.],
       [0., 0., 0., 0., 0., 0., 0., 1., 0., 0., 0., 0., 0.],
       [0., 0., 0., 0., 0., 0., 0., 0., 1., 0., 0., 0., 0.],
       [0., 0., 0., 0., 0., 0., 0., 0., 0., 1., 0., 0., 0.],
       [0., 0., 0., 0., 0., 0., 0., 0., 0., 0., 1., 0., 0.],
       [0., 0., 0., 0., 0., 0., 0., 0., 0., 0., 0., 1., 0.],
       [0., 0., 0., 0., 0., 0., 0., 0., 0., 0., 0., 0., 1.]]), S=array([1., 1., 1., 1., 1., 1., 1., 1., 1., 1., 1., 1., 1.]), Vh=array([[1., 0., 0., 0., 0., 0., 0., 0., 0., 0., 0., 0., 0.],
       [0., 1., 0., 0., 0., 0., 0., 0., 0., 0., 0., 0., 0.],
       [0., 0., 1., 0., 0., 0., 0., 0., 0., 0., 0., 0., 0.],
       [0., 0., 0., 1., 0., 0., 0., 0., 0., 0., 0., 0., 0.],
       [0., 0., 0., 0., 1., 0., 0., 0., 0., 0., 0., 0., 0.],
       [0., 0., 0., 0., 0., 1., 0., 0., 0., 0., 0., 0., 0.],
       [0., 0., 0., 0., 0., 0., 1., 0., 0., 0., 0., 0., 0.],
       [0., 0., 0., 0., 0., 0., 0., 1., 0., 0., 0., 0., 0.],
       [0., 0., 0., 0., 0., 0., 0., 0., 1., 0., 0., 0., 0.],
       [0., 0., 0., 0., 0., 0., 0., 0., 0., 1., 0., 0., 0.],
       [0., 0., 0., 0., 0., 0., 0., 0., 0., 0., 1., 0., 0.],
       [0., 0., 0., 0., 0., 0., 0., 0., 0., 0., 0., 1., 0.],
       [0., 0., 0., 0., 0., 0., 0., 0., 0., 0., 0., 0., 1.]]))
>>dot: /home/eugenio/.local/lib/python3.11/site-packages/numpy/core/multiarray.py
<<dot: (array([[1., 0., 0., 0., 0., 0., 0., 0., 0., 0., 0., 0., 0.],
       [0., 1., 0., 0., 0., 0., 0., 0., 0., 0., 0., 0., 0.],
       [0., 0., 1., 0., 0., 0., 0., 0., 0., 0., 0., 0., 0.],
       [0., 0., 0., 1., 0., 0., 0., 0., 0., 0., 0., 0., 0.],
       [0., 0., 0., 0., 1., 0., 0., 0., 0., 0., 0., 0., 0.],
       [0., 0., 0., 0., 0., 1., 0., 0., 0., 0., 0., 0., 0.],
       [0., 0., 0., 0., 0., 0., 1., 0., 0., 0., 0., 0., 0.],
       [0., 0., 0., 0., 0., 0., 0., 1., 0., 0., 0., 0., 0.],
       [0., 0., 0., 0., 0., 0., 0., 0., 1., 0., 0., 0., 0.],
       [0., 0., 0., 0., 0., 0., 0., 0., 0., 1., 0., 0., 0.],
       [0., 0., 0., 0., 0., 0., 0., 0., 0., 0., 1., 0., 0.],
       [0., 0., 0., 0., 0., 0., 0., 0., 0., 0., 0., 1., 0.],
       [0., 0., 0., 0., 0., 0., 0., 0., 0., 0., 0., 0., 1.]]), array([[1., 0., 0., 0., 0., 0., 0., 0., 0., 0., 0., 0., 0.],
       [0., 1., 0., 0., 0., 0., 0., 0., 0., 0., 0., 0., 0.],
       [0., 0., 1., 0., 0., 0., 0., 0., 0., 0., 0., 0., 0.],
       [0., 0., 0., 1., 0., 0., 0., 0., 0., 0., 0., 0., 0.],
       [0., 0., 0., 0., 1., 0., 0., 0., 0., 0., 0., 0., 0.],
       [0., 0., 0., 0., 0., 1., 0., 0., 0., 0., 0., 0., 0.],
       [0., 0., 0., 0., 0., 0., 1., 0., 0., 0., 0., 0., 0.],
       [0., 0., 0., 0., 0., 0., 0., 1., 0., 0., 0., 0., 0.],
       [0., 0., 0., 0., 0., 0., 0., 0., 1., 0., 0., 0., 0.],
       [0., 0., 0., 0., 0., 0., 0., 0., 0., 1., 0., 0., 0.],
       [0., 0., 0., 0., 0., 0., 0., 0., 0., 0., 1., 0., 0.],
       [0., 0., 0., 0., 0., 0., 0., 0., 0., 0., 0., 1., 0.],
       [0., 0., 0., 0., 0., 0., 0., 0., 0., 0., 0., 0., 1.]]), None)
>>_allclose_dispatcher: /home/eugenio/.local/lib/python3.11/site-packages/numpy/core/numeric.py
<<_allclose_dispatcher: (array([[1., 0., 0., 0., 0., 0., 0., 0., 0., 0., 0., 0., 0.],
       [0., 1., 0., 0., 0., 0., 0., 0., 0., 0., 0., 0., 0.],
       [0., 0., 1., 0., 0., 0., 0., 0., 0., 0., 0., 0., 0.],
       [0., 0., 0., 1., 0., 0., 0., 0., 0., 0., 0., 0., 0.],
       [0., 0., 0., 0., 1., 0., 0., 0., 0., 0., 0., 0., 0.],
       [0., 0., 0., 0., 0., 1., 0., 0., 0., 0., 0., 0., 0.],
       [0., 0., 0., 0., 0., 0., 1., 0., 0., 0., 0., 0., 0.],
       [0., 0., 0., 0., 0., 0., 0., 1., 0., 0., 0., 0., 0.],
       [0., 0., 0., 0., 0., 0., 0., 0., 1., 0., 0., 0., 0.],
       [0., 0., 0., 0., 0., 0., 0., 0., 0., 1., 0., 0., 0.],
       [0., 0., 0., 0., 0., 0., 0., 0., 0., 0., 1., 0., 0.],
       [0., 0., 0., 0., 0., 0., 0., 0., 0., 0., 0., 1., 0.],
       [0., 0., 0., 0., 0., 0., 0., 0., 0., 0., 0., 0., 1.]]), array([[1., 0., 0., 0., 0., 0., 0., 0., 0., 0., 0., 0., 0.],
       [0., 1., 0., 0., 0., 0., 0., 0., 0., 0., 0., 0., 0.],
       [0., 0., 1., 0., 0., 0., 0., 0., 0., 0., 0., 0., 0.],
       [0., 0., 0., 1., 0., 0., 0., 0., 0., 0., 0., 0., 0.],
       [0., 0., 0., 0., 1., 0., 0., 0., 0., 0., 0., 0., 0.],
       [0., 0., 0., 0., 0., 1., 0., 0., 0., 0., 0., 0., 0.],
       [0., 0., 0., 0., 0., 0., 1., 0., 0., 0., 0., 0., 0.],
       [0., 0., 0., 0., 0., 0., 0., 1., 0., 0., 0., 0., 0.],
       [0., 0., 0., 0., 0., 0., 0., 0., 1., 0., 0., 0., 0.],
       [0., 0., 0., 0., 0., 0., 0., 0., 0., 1., 0., 0., 0.],
       [0., 0., 0., 0., 0., 0., 0., 0., 0., 0., 1., 0., 0.],
       [0., 0., 0., 0., 0., 0., 0., 0., 0., 0., 0., 1., 0.],
       [0., 0., 0., 0., 0., 0., 0., 0., 0., 0., 0., 0., 1.]]))
>>allclose: /home/eugenio/.local/lib/python3.11/site-packages/numpy/core/numeric.py
>>>_isclose_dispatcher: /home/eugenio/.local/lib/python3.11/site-packages/numpy/core/numeric.py
<<<_isclose_dispatcher: (array([[1., 0., 0., 0., 0., 0., 0., 0., 0., 0., 0., 0., 0.],
       [0., 1., 0., 0., 0., 0., 0., 0., 0., 0., 0., 0., 0.],
       [0., 0., 1., 0., 0., 0., 0., 0., 0., 0., 0., 0., 0.],
       [0., 0., 0., 1., 0., 0., 0., 0., 0., 0., 0., 0., 0.],
       [0., 0., 0., 0., 1., 0., 0., 0., 0., 0., 0., 0., 0.],
       [0., 0., 0., 0., 0., 1., 0., 0., 0., 0., 0., 0., 0.],
       [0., 0., 0., 0., 0., 0., 1., 0., 0., 0., 0., 0., 0.],
       [0., 0., 0., 0., 0., 0., 0., 1., 0., 0., 0., 0., 0.],
       [0., 0., 0., 0., 0., 0., 0., 0., 1., 0., 0., 0., 0.],
       [0., 0., 0., 0., 0., 0., 0., 0., 0., 1., 0., 0., 0.],
       [0., 0., 0., 0., 0., 0., 0., 0., 0., 0., 1., 0., 0.],
       [0., 0., 0., 0., 0., 0., 0., 0., 0., 0., 0., 1., 0.],
       [0., 0., 0., 0., 0., 0., 0., 0., 0., 0., 0., 0., 1.]]), array([[1., 0., 0., 0., 0., 0., 0., 0., 0., 0., 0., 0., 0.],
       [0., 1., 0., 0., 0., 0., 0., 0., 0., 0., 0., 0., 0.],
       [0., 0., 1., 0., 0., 0., 0., 0., 0., 0., 0., 0., 0.],
       [0., 0., 0., 1., 0., 0., 0., 0., 0., 0., 0., 0., 0.],
       [0., 0., 0., 0., 1., 0., 0., 0., 0., 0., 0., 0., 0.],
       [0., 0., 0., 0., 0., 1., 0., 0., 0., 0., 0., 0., 0.],
       [0., 0., 0., 0., 0., 0., 1., 0., 0., 0., 0., 0., 0.],
       [0., 0., 0., 0., 0., 0., 0., 1., 0., 0., 0., 0., 0.],
       [0., 0., 0., 0., 0., 0., 0., 0., 1., 0., 0., 0., 0.],
       [0., 0., 0., 0., 0., 0., 0., 0., 0., 1., 0., 0., 0.],
       [0., 0., 0., 0., 0., 0., 0., 0., 0., 0., 1., 0., 0.],
       [0., 0., 0., 0., 0., 0., 0., 0., 0., 0., 0., 1., 0.],
       [0., 0., 0., 0., 0., 0., 0., 0., 0., 0., 0., 0., 1.]]))
>>>isclose: /home/eugenio/.local/lib/python3.11/site-packages/numpy/core/numeric.py
>>>>result_type: /home/eugenio/.local/lib/python3.11/site-packages/numpy/core/multiarray.py
<<<<result_type: (array([[1., 0., 0., 0., 0., 0., 0., 0., 0., 0., 0., 0., 0.],
       [0., 1., 0., 0., 0., 0., 0., 0., 0., 0., 0., 0., 0.],
       [0., 0., 1., 0., 0., 0., 0., 0., 0., 0., 0., 0., 0.],
       [0., 0., 0., 1., 0., 0., 0., 0., 0., 0., 0., 0., 0.],
       [0., 0., 0., 0., 1., 0., 0., 0., 0., 0., 0., 0., 0.],
       [0., 0., 0., 0., 0., 1., 0., 0., 0., 0., 0., 0., 0.],
       [0., 0., 0., 0., 0., 0., 1., 0., 0., 0., 0., 0., 0.],
       [0., 0., 0., 0., 0., 0., 0., 1., 0., 0., 0., 0., 0.],
       [0., 0., 0., 0., 0., 0., 0., 0., 1., 0., 0., 0., 0.],
       [0., 0., 0., 0., 0., 0., 0., 0., 0., 1., 0., 0., 0.],
       [0., 0., 0., 0., 0., 0., 0., 0., 0., 0., 1., 0., 0.],
       [0., 0., 0., 0., 0., 0., 0., 0., 0., 0., 0., 1., 0.],
       [0., 0., 0., 0., 0., 0., 0., 0., 0., 0., 0., 0., 1.]]), 1.0)
>>>>_all_dispatcher: /home/eugenio/.local/lib/python3.11/site-packages/numpy/core/fromnumeric.py
<<<<_all_dispatcher: (array([[ True,  True,  True,  True,  True,  True,  True,  True,  True,
         True,  True,  True,  True],
       [ True,  True,  True,  True,  True,  True,  True,  True,  True,
         True,  True,  True,  True],
       [ True,  True,  True,  True,  True,  True,  True,  True,  True,
         True,  True,  True,  True],
       [ True,  True,  True,  True,  True,  True,  True,  True,  True,
         True,  True,  True,  True],
       [ True,  True,  True,  True,  True,  True,  True,  True,  True,
         True,  True,  True,  True],
       [ True,  True,  True,  True,  True,  True,  True,  True,  True,
         True,  True,  True,  True],
       [ True,  True,  True,  True,  True,  True,  True,  True,  True,
         True,  True,  True,  True],
       [ True,  True,  True,  True,  True,  True,  True,  True,  True,
         True,  True,  True,  True],
       [ True,  True,  True,  True,  True,  True,  True,  True,  True,
         True,  True,  True,  True],
       [ True,  True,  True,  True,  True,  True,  True,  True,  True,
         True,  True,  True,  True],
       [ True,  True,  True,  True,  True,  True,  True,  True,  True,
         True,  True,  True,  True],
       [ True,  True,  True,  True,  True,  True,  True,  True,  True,
         True,  True,  True,  True],
       [ True,  True,  True,  True,  True,  True,  True,  True,  True,
         True,  True,  True,  True]]), None, None)
>>>>all: /home/eugenio/.local/lib/python3.11/site-packages/numpy/core/fromnumeric.py
>>>>>_wrapreduction: /home/eugenio/.local/lib/python3.11/site-packages/numpy/core/fromnumeric.py
>>>>>><dictcomp>: /home/eugenio/.local/lib/python3.11/site-packages/numpy/core/fromnumeric.py
<<<<<<<dictcomp>: {}
<<<<<_wrapreduction: True
<<<<all: True
>>>>_all_dispatcher: /home/eugenio/.local/lib/python3.11/site-packages/numpy/core/fromnumeric.py
<<<<_all_dispatcher: (array([[ True,  True,  True,  True,  True,  True,  True,  True,  True,
         True,  True,  True,  True],
       [ True,  True,  True,  True,  True,  True,  True,  True,  True,
         True,  True,  True,  True],
       [ True,  True,  True,  True,  True,  True,  True,  True,  True,
         True,  True,  True,  True],
       [ True,  True,  True,  True,  True,  True,  True,  True,  True,
         True,  True,  True,  True],
       [ True,  True,  True,  True,  True,  True,  True,  True,  True,
         True,  True,  True,  True],
       [ True,  True,  True,  True,  True,  True,  True,  True,  True,
         True,  True,  True,  True],
       [ True,  True,  True,  True,  True,  True,  True,  True,  True,
         True,  True,  True,  True],
       [ True,  True,  True,  True,  True,  True,  True,  True,  True,
         True,  True,  True,  True],
       [ True,  True,  True,  True,  True,  True,  True,  True,  True,
         True,  True,  True,  True],
       [ True,  True,  True,  True,  True,  True,  True,  True,  True,
         True,  True,  True,  True],
       [ True,  True,  True,  True,  True,  True,  True,  True,  True,
         True,  True,  True,  True],
       [ True,  True,  True,  True,  True,  True,  True,  True,  True,
         True,  True,  True,  True],
       [ True,  True,  True,  True,  True,  True,  True,  True,  True,
         True,  True,  True,  True]]), None, None)
>>>>all: /home/eugenio/.local/lib/python3.11/site-packages/numpy/core/fromnumeric.py
>>>>>_wrapreduction: /home/eugenio/.local/lib/python3.11/site-packages/numpy/core/fromnumeric.py
>>>>>><dictcomp>: /home/eugenio/.local/lib/python3.11/site-packages/numpy/core/fromnumeric.py
<<<<<<<dictcomp>: {}
<<<<<_wrapreduction: True
<<<<all: True
>>>>within_tol: /home/eugenio/.local/lib/python3.11/site-packages/numpy/core/numeric.py
>>>>>__init__: /home/eugenio/.local/lib/python3.11/site-packages/numpy/core/_ufunc_config.py
<<<<<__init__: None
>>>>>__enter__: /home/eugenio/.local/lib/python3.11/site-packages/numpy/core/_ufunc_config.py
>>>>>>seterr: /home/eugenio/.local/lib/python3.11/site-packages/numpy/core/_ufunc_config.py
>>>>>>>geterr: /home/eugenio/.local/lib/python3.11/site-packages/numpy/core/_ufunc_config.py
<<<<<<<geterr: {'divide': 'warn', 'over': 'warn', 'under': 'ignore', 'invalid': 'warn'}
<<<<<<seterr: {'divide': 'warn', 'over': 'warn', 'under': 'ignore', 'invalid': 'warn'}
<<<<<__enter__: None
>>>>>helper: /usr/lib/python3.11/contextlib.py
>>>>>>__init__: /usr/lib/python3.11/contextlib.py
<<<<<<__init__: None
<<<<<helper: <contextlib._GeneratorContextManager object at 0x7fa477953690>
>>>>>__enter__: /usr/lib/python3.11/contextlib.py
>>>>>>_no_nep50_warning: /home/eugenio/.local/lib/python3.11/site-packages/numpy/core/_ufunc_config.py
<<<<<<_no_nep50_warning: None
<<<<<__enter__: None
>>>>>__exit__: /usr/lib/python3.11/contextlib.py
>>>>>>_no_nep50_warning: /home/eugenio/.local/lib/python3.11/site-packages/numpy/core/_ufunc_config.py
<<<<<<_no_nep50_warning: None
<<<<<__exit__: False
>>>>>__exit__: /home/eugenio/.local/lib/python3.11/site-packages/numpy/core/_ufunc_config.py
>>>>>>seterr: /home/eugenio/.local/lib/python3.11/site-packages/numpy/core/_ufunc_config.py
>>>>>>>geterr: /home/eugenio/.local/lib/python3.11/site-packages/numpy/core/_ufunc_config.py
<<<<<<<geterr: {'divide': 'warn', 'over': 'warn', 'under': 'ignore', 'invalid': 'ignore'}
<<<<<<seterr: {'divide': 'warn', 'over': 'warn', 'under': 'ignore', 'invalid': 'ignore'}
<<<<<__exit__: None
<<<<within_tol: [[ True  True  True  True  True  True  True  True  True  True  True  True
   True]
 [ True  True  True  True  True  True  True  True  True  True  True  True
   True]
 [ True  True  True  True  True  True  True  True  True  True  True  True
   True]
 [ True  True  True  True  True  True  True  True  True  True  True  True
   True]
 [ True  True  True  True  True  True  True  True  True  True  True  True
   True]
 [ True  True  True  True  True  True  True  True  True  True  True  True
   True]
 [ True  True  True  True  True  True  True  True  True  True  True  True
   True]
 [ True  True  True  True  True  True  True  True  True  True  True  True
   True]
 [ True  True  True  True  True  True  True  True  True  True  True  True
   True]
 [ True  True  True  True  True  True  True  True  True  True  True  True
   True]
 [ True  True  True  True  True  True  True  True  True  True  True  True
   True]
 [ True  True  True  True  True  True  True  True  True  True  True  True
   True]
 [ True  True  True  True  True  True  True  True  True  True  True  True
   True]]
<<<isclose: [[ True  True  True  True  True  True  True  True  True  True  True  True
   True]
 [ True  True  True  True  True  True  True  True  True  True  True  True
   True]
 [ True  True  True  True  True  True  True  True  True  True  True  True
   True]
 [ True  True  True  True  True  True  True  True  True  True  True  True
   True]
 [ True  True  True  True  True  True  True  True  True  True  True  True
   True]
 [ True  True  True  True  True  True  True  True  True  True  True  True
   True]
 [ True  True  True  True  True  True  True  True  True  True  True  True
   True]
 [ True  True  True  True  True  True  True  True  True  True  True  True
   True]
 [ True  True  True  True  True  True  True  True  True  True  True  True
   True]
 [ True  True  True  True  True  True  True  True  True  True  True  True
   True]
 [ True  True  True  True  True  True  True  True  True  True  True  True
   True]
 [ True  True  True  True  True  True  True  True  True  True  True  True
   True]
 [ True  True  True  True  True  True  True  True  True  True  True  True
   True]]
>>>_all_dispatcher: /home/eugenio/.local/lib/python3.11/site-packages/numpy/core/fromnumeric.py
<<<_all_dispatcher: (array([[ True,  True,  True,  True,  True,  True,  True,  True,  True,
         True,  True,  True,  True],
       [ True,  True,  True,  True,  True,  True,  True,  True,  True,
         True,  True,  True,  True],
       [ True,  True,  True,  True,  True,  True,  True,  True,  True,
         True,  True,  True,  True],
       [ True,  True,  True,  True,  True,  True,  True,  True,  True,
         True,  True,  True,  True],
       [ True,  True,  True,  True,  True,  True,  True,  True,  True,
         True,  True,  True,  True],
       [ True,  True,  True,  True,  True,  True,  True,  True,  True,
         True,  True,  True,  True],
       [ True,  True,  True,  True,  True,  True,  True,  True,  True,
         True,  True,  True,  True],
       [ True,  True,  True,  True,  True,  True,  True,  True,  True,
         True,  True,  True,  True],
       [ True,  True,  True,  True,  True,  True,  True,  True,  True,
         True,  True,  True,  True],
       [ True,  True,  True,  True,  True,  True,  True,  True,  True,
         True,  True,  True,  True],
       [ True,  True,  True,  True,  True,  True,  True,  True,  True,
         True,  True,  True,  True],
       [ True,  True,  True,  True,  True,  True,  True,  True,  True,
         True,  True,  True,  True],
       [ True,  True,  True,  True,  True,  True,  True,  True,  True,
         True,  True,  True,  True]]), None, None)
>>>all: /home/eugenio/.local/lib/python3.11/site-packages/numpy/core/fromnumeric.py
>>>>_wrapreduction: /home/eugenio/.local/lib/python3.11/site-packages/numpy/core/fromnumeric.py
>>>>><dictcomp>: /home/eugenio/.local/lib/python3.11/site-packages/numpy/core/fromnumeric.py
<<<<<<dictcomp>: {}
<<<<_wrapreduction: True
<<<all: True
<<allclose: True
>>dot: /home/eugenio/.local/lib/python3.11/site-packages/numpy/core/multiarray.py
<<dot: (array([[-3.00165635e-01, -7.09035486e-01,  5.56104830e-01,
        -3.63986897e-01, -3.02152060e-02,  1.50635925e+00,
         1.70042390e+00, -1.64618176e+00,  1.36317383e+00,
         8.79735799e-02,  9.63218199e-01, -7.58640351e-01,
        -5.31404546e-01],
       [-1.56356147e+00, -1.02045918e+00,  3.07442515e+00,
         1.84886445e+00, -5.11040351e-01,  2.53276969e-01,
        -1.26066213e+00, -1.87910558e+00,  6.01110544e-01,
         1.09110663e+00,  1.92433170e+00, -3.46522502e-01,
         3.52411411e-01],
       [-1.06174703e+00,  2.75212511e-01, -1.27006038e+00,
        -6.67259761e-01, -2.23144104e-02,  1.02998704e+00,
         1.97553214e+00, -1.57347263e+00, -1.04576828e-01,
         2.74841365e-01, -5.86276602e-01, -1.52544342e+00,
        -1.86655147e-01],
       [ 2.47099206e-01, -1.64355193e+00,  8.13013077e-01,
        -9.01969890e-01, -2.46949447e+00,  2.37989336e-03,
        -2.18532434e+00, -1.80164383e-01, -5.20647417e-01,
         1.41236387e-01,  2.60496487e-01, -9.11731062e-01,
        -8.82837835e-01],
       [-1.11065670e+00, -8.49462762e-01, -1.59906650e+00,
         3.15726447e-02, -1.75061872e-01,  4.14145832e-02,
        -3.35480719e-01,  3.75646210e-01, -3.33580195e-01,
        -3.35954308e-01, -1.35184556e-03,  2.10367856e+00,
        -6.71288747e-01],
       [-1.42866775e+00,  1.25692807e+00, -2.05295976e-01,
         5.95583621e-04, -8.18845811e-01, -1.09287365e+00,
        -1.33207265e+00, -7.67916962e-01, -1.09564838e-01,
         2.04647228e+00, -1.59442758e+00, -1.18839727e+00,
        -7.62100036e-01],
       [ 1.30198093e+00,  6.47288902e-02, -7.29306852e-02,
         3.19609088e-02, -1.31019360e+00, -1.22094825e+00,
        -3.97031083e-01, -2.60242178e-01,  8.78229417e-01,
         1.82830206e+00, -6.21232196e-01, -1.28136533e+00,
        -2.39821375e+00],
       [ 1.27427026e+00, -2.55092109e-01, -1.84173439e+00,
        -4.97158558e-02, -2.88473369e-01, -1.61834490e-01,
        -3.66734428e-01, -1.19186777e+00,  1.06017309e+00,
         1.48386593e+00, -6.99952184e-01,  7.72431404e-01,
         2.43937311e-01],
       [ 1.16024734e+00,  5.75259068e-02,  2.03800005e-01,
         8.93487754e-01,  1.98694246e+00,  2.28102538e-01,
        -7.61253673e-02, -2.90520174e-01,  2.13793461e-01,
         2.96490741e-01, -1.47659472e-01,  1.08865283e+00,
        -2.81714239e-01],
       [-4.73965534e-01, -1.05606645e+00, -7.58695674e-01,
        -2.48749438e-01,  1.62013168e-01, -1.02760397e+00,
        -5.84045050e-01,  6.04424512e-01, -8.76579871e-01,
         9.63724686e-01,  9.52888310e-02,  2.63345275e+00,
         1.57299753e+00],
       [ 6.90546055e-01,  8.91312310e-02, -4.23144850e-01,
        -6.69611722e-02,  4.31320201e-01,  1.88128515e+00,
        -1.01077133e+00, -1.84372068e+00,  7.14161811e-01,
         1.19667381e+00,  7.55768092e-02, -4.36045894e-01,
        -1.33754010e+00],
       [ 3.21285590e-02,  9.39864219e-01,  1.43356020e+00,
         1.13001097e+00,  9.90262127e-01, -6.33372442e-01,
        -1.08384918e+00,  6.35250646e-01, -2.23268785e+00,
         7.44385659e-01, -5.00459927e-01, -7.46347853e-01,
         1.01547839e+00]]), array([[1., 0., 0., 0., 0., 0., 0., 0., 0., 0., 0., 0., 0.],
       [0., 1., 0., 0., 0., 0., 0., 0., 0., 0., 0., 0., 0.],
       [0., 0., 1., 0., 0., 0., 0., 0., 0., 0., 0., 0., 0.],
       [0., 0., 0., 1., 0., 0., 0., 0., 0., 0., 0., 0., 0.],
       [0., 0., 0., 0., 1., 0., 0., 0., 0., 0., 0., 0., 0.],
       [0., 0., 0., 0., 0., 1., 0., 0., 0., 0., 0., 0., 0.],
       [0., 0., 0., 0., 0., 0., 1., 0., 0., 0., 0., 0., 0.],
       [0., 0., 0., 0., 0., 0., 0., 1., 0., 0., 0., 0., 0.],
       [0., 0., 0., 0., 0., 0., 0., 0., 1., 0., 0., 0., 0.],
       [0., 0., 0., 0., 0., 0., 0., 0., 0., 1., 0., 0., 0.],
       [0., 0., 0., 0., 0., 0., 0., 0., 0., 0., 1., 0., 0.],
       [0., 0., 0., 0., 0., 0., 0., 0., 0., 0., 0., 1., 0.],
       [0., 0., 0., 0., 0., 0., 0., 0., 0., 0., 0., 0., 1.]]), None)
>>shrink_cov: /home/eugenio/Área de trabalho/Grad/TT/projetos-TT/analytic_shrinkage/nonlinshrink/nonlinshrink.py
>>>dot: /home/eugenio/.local/lib/python3.11/site-packages/numpy/core/multiarray.py
<<<dot: (array([[-3.00165635e-01, -1.56356147e+00, -1.06174703e+00,
         2.47099206e-01, -1.11065670e+00, -1.42866775e+00,
         1.30198093e+00,  1.27427026e+00,  1.16024734e+00,
        -4.73965534e-01,  6.90546055e-01,  3.21285590e-02],
       [-7.09035486e-01, -1.02045918e+00,  2.75212511e-01,
        -1.64355193e+00, -8.49462762e-01,  1.25692807e+00,
         6.47288902e-02, -2.55092109e-01,  5.75259068e-02,
        -1.05606645e+00,  8.91312310e-02,  9.39864219e-01],
       [ 5.56104830e-01,  3.07442515e+00, -1.27006038e+00,
         8.13013077e-01, -1.59906650e+00, -2.05295976e-01,
        -7.29306852e-02, -1.84173439e+00,  2.03800005e-01,
        -7.58695674e-01, -4.23144850e-01,  1.43356020e+00],
       [-3.63986897e-01,  1.84886445e+00, -6.67259761e-01,
        -9.01969890e-01,  3.15726447e-02,  5.95583621e-04,
         3.19609088e-02, -4.97158558e-02,  8.93487754e-01,
        -2.48749438e-01, -6.69611722e-02,  1.13001097e+00],
       [-3.02152060e-02, -5.11040351e-01, -2.23144104e-02,
        -2.46949447e+00, -1.75061872e-01, -8.18845811e-01,
        -1.31019360e+00, -2.88473369e-01,  1.98694246e+00,
         1.62013168e-01,  4.31320201e-01,  9.90262127e-01],
       [ 1.50635925e+00,  2.53276969e-01,  1.02998704e+00,
         2.37989336e-03,  4.14145832e-02, -1.09287365e+00,
        -1.22094825e+00, -1.61834490e-01,  2.28102538e-01,
        -1.02760397e+00,  1.88128515e+00, -6.33372442e-01],
       [ 1.70042390e+00, -1.26066213e+00,  1.97553214e+00,
        -2.18532434e+00, -3.35480719e-01, -1.33207265e+00,
        -3.97031083e-01, -3.66734428e-01, -7.61253673e-02,
        -5.84045050e-01, -1.01077133e+00, -1.08384918e+00],
       [-1.64618176e+00, -1.87910558e+00, -1.57347263e+00,
        -1.80164383e-01,  3.75646210e-01, -7.67916962e-01,
        -2.60242178e-01, -1.19186777e+00, -2.90520174e-01,
         6.04424512e-01, -1.84372068e+00,  6.35250646e-01],
       [ 1.36317383e+00,  6.01110544e-01, -1.04576828e-01,
        -5.20647417e-01, -3.33580195e-01, -1.09564838e-01,
         8.78229417e-01,  1.06017309e+00,  2.13793461e-01,
        -8.76579871e-01,  7.14161811e-01, -2.23268785e+00],
       [ 8.79735799e-02,  1.09110663e+00,  2.74841365e-01,
         1.41236387e-01, -3.35954308e-01,  2.04647228e+00,
         1.82830206e+00,  1.48386593e+00,  2.96490741e-01,
         9.63724686e-01,  1.19667381e+00,  7.44385659e-01],
       [ 9.63218199e-01,  1.92433170e+00, -5.86276602e-01,
         2.60496487e-01, -1.35184556e-03, -1.59442758e+00,
        -6.21232196e-01, -6.99952184e-01, -1.47659472e-01,
         9.52888310e-02,  7.55768092e-02, -5.00459927e-01],
       [-7.58640351e-01, -3.46522502e-01, -1.52544342e+00,
        -9.11731062e-01,  2.10367856e+00, -1.18839727e+00,
        -1.28136533e+00,  7.72431404e-01,  1.08865283e+00,
         2.63345275e+00, -4.36045894e-01, -7.46347853e-01],
       [-5.31404546e-01,  3.52411411e-01, -1.86655147e-01,
        -8.82837835e-01, -6.71288747e-01, -7.62100036e-01,
        -2.39821375e+00,  2.43937311e-01, -2.81714239e-01,
         1.57299753e+00, -1.33754010e+00,  1.01547839e+00]]), array([[-3.00165635e-01, -7.09035486e-01,  5.56104830e-01,
        -3.63986897e-01, -3.02152060e-02,  1.50635925e+00,
         1.70042390e+00, -1.64618176e+00,  1.36317383e+00,
         8.79735799e-02,  9.63218199e-01, -7.58640351e-01,
        -5.31404546e-01],
       [-1.56356147e+00, -1.02045918e+00,  3.07442515e+00,
         1.84886445e+00, -5.11040351e-01,  2.53276969e-01,
        -1.26066213e+00, -1.87910558e+00,  6.01110544e-01,
         1.09110663e+00,  1.92433170e+00, -3.46522502e-01,
         3.52411411e-01],
       [-1.06174703e+00,  2.75212511e-01, -1.27006038e+00,
        -6.67259761e-01, -2.23144104e-02,  1.02998704e+00,
         1.97553214e+00, -1.57347263e+00, -1.04576828e-01,
         2.74841365e-01, -5.86276602e-01, -1.52544342e+00,
        -1.86655147e-01],
       [ 2.47099206e-01, -1.64355193e+00,  8.13013077e-01,
        -9.01969890e-01, -2.46949447e+00,  2.37989336e-03,
        -2.18532434e+00, -1.80164383e-01, -5.20647417e-01,
         1.41236387e-01,  2.60496487e-01, -9.11731062e-01,
        -8.82837835e-01],
       [-1.11065670e+00, -8.49462762e-01, -1.59906650e+00,
         3.15726447e-02, -1.75061872e-01,  4.14145832e-02,
        -3.35480719e-01,  3.75646210e-01, -3.33580195e-01,
        -3.35954308e-01, -1.35184556e-03,  2.10367856e+00,
        -6.71288747e-01],
       [-1.42866775e+00,  1.25692807e+00, -2.05295976e-01,
         5.95583621e-04, -8.18845811e-01, -1.09287365e+00,
        -1.33207265e+00, -7.67916962e-01, -1.09564838e-01,
         2.04647228e+00, -1.59442758e+00, -1.18839727e+00,
        -7.62100036e-01],
       [ 1.30198093e+00,  6.47288902e-02, -7.29306852e-02,
         3.19609088e-02, -1.31019360e+00, -1.22094825e+00,
        -3.97031083e-01, -2.60242178e-01,  8.78229417e-01,
         1.82830206e+00, -6.21232196e-01, -1.28136533e+00,
        -2.39821375e+00],
       [ 1.27427026e+00, -2.55092109e-01, -1.84173439e+00,
        -4.97158558e-02, -2.88473369e-01, -1.61834490e-01,
        -3.66734428e-01, -1.19186777e+00,  1.06017309e+00,
         1.48386593e+00, -6.99952184e-01,  7.72431404e-01,
         2.43937311e-01],
       [ 1.16024734e+00,  5.75259068e-02,  2.03800005e-01,
         8.93487754e-01,  1.98694246e+00,  2.28102538e-01,
        -7.61253673e-02, -2.90520174e-01,  2.13793461e-01,
         2.96490741e-01, -1.47659472e-01,  1.08865283e+00,
        -2.81714239e-01],
       [-4.73965534e-01, -1.05606645e+00, -7.58695674e-01,
        -2.48749438e-01,  1.62013168e-01, -1.02760397e+00,
        -5.84045050e-01,  6.04424512e-01, -8.76579871e-01,
         9.63724686e-01,  9.52888310e-02,  2.63345275e+00,
         1.57299753e+00],
       [ 6.90546055e-01,  8.91312310e-02, -4.23144850e-01,
        -6.69611722e-02,  4.31320201e-01,  1.88128515e+00,
        -1.01077133e+00, -1.84372068e+00,  7.14161811e-01,
         1.19667381e+00,  7.55768092e-02, -4.36045894e-01,
        -1.33754010e+00],
       [ 3.21285590e-02,  9.39864219e-01,  1.43356020e+00,
         1.13001097e+00,  9.90262127e-01, -6.33372442e-01,
        -1.08384918e+00,  6.35250646e-01, -2.23268785e+00,
         7.44385659e-01, -5.00459927e-01, -7.46347853e-01,
         1.01547839e+00]]), None)
>>>_eigvalsh_dispatcher: /home/eugenio/.local/lib/python3.11/site-packages/numpy/linalg/linalg.py
<<<_eigvalsh_dispatcher: (array([[ 1.03045507,  0.05633582, -0.28726628, -0.10074973,  0.17255542,
        -0.01593469, -0.03580497,  0.16702599,  0.22830764,  0.03906956,
        -0.18440141,  0.04425493, -0.27934291],
       [ 0.05633582,  0.72513873, -0.12744995,  0.085754  ,  0.38467824,
        -0.15190181,  0.1998615 ,  0.14403253, -0.15980895,  0.08922966,
        -0.47279113, -0.42077867, -0.00254564],
       [-0.28726628, -0.12744995,  1.74026256,  0.63780348, -0.08111276,
        -0.00187543, -0.53334115, -0.15804922, -0.16160768,  0.02583925,
         0.6850312 , -0.61681185,  0.1694717 ],
       [-0.10074973,  0.085754  ,  0.63780348,  0.57963892,  0.34166984,
        -0.09850201, -0.28187328, -0.09740781, -0.08686377,  0.20299984,
         0.22093324,  0.08045693,  0.18745629],
       [ 0.17255542,  0.38467824, -0.08111276,  0.34166984,  1.16690001,
         0.2334309 ,  0.49714718,  0.17436726, -0.1657346 , -0.27975486,
