>__exit__: /usr/lib/python3.11/contextlib.py
>>reset: <frozen codecs>
>>>reset: <frozen codecs>
<<<reset: None
<<reset: None
>>reset: <frozen codecs>
<<reset: None
>>decode: <frozen codecs>
<<decode: 
>>reset: <frozen codecs>
>>>reset: <frozen codecs>
<<<reset: None
<<reset: None
>>reset: <frozen codecs>
<<reset: None
>>reset: <frozen codecs>
>>>reset: <frozen codecs>
<<<reset: None
<<reset: None
>>reset: <frozen codecs>
<<reset: None
>>decode: <frozen codecs>
<<decode: 
>>reset: <frozen codecs>
>>>reset: <frozen codecs>
<<<reset: None
<<reset: None
>>reset: <frozen codecs>
<<reset: None
<__exit__: False
>getLogger: /usr/lib/python3.11/logging/__init__.py
<getLogger: <RootLogger root (WARNING)>
>removeHandler: /usr/lib/python3.11/logging/__init__.py
>>_acquireLock: /usr/lib/python3.11/logging/__init__.py
<<_acquireLock: None
>>_releaseLock: /usr/lib/python3.11/logging/__init__.py
<<_releaseLock: None
<removeHandler: None
>getLogger: /usr/lib/python3.11/logging/__init__.py
<getLogger: <RootLogger root (WARNING)>
>removeHandler: /usr/lib/python3.11/logging/__init__.py
>>_acquireLock: /usr/lib/python3.11/logging/__init__.py
<<_acquireLock: None
>>_releaseLock: /usr/lib/python3.11/logging/__init__.py
<<_releaseLock: None
<removeHandler: None
>__hash__: /usr/lib/python3.11/pathlib.py
<__hash__: -8452545354329954521
>__eq__: /usr/lib/python3.11/pathlib.py
>>_cparts: /usr/lib/python3.11/pathlib.py
<<_cparts: ['/', 'home', 'eugenio', 'Área de trabalho', 'Grad', 'TT', 'projetos-TT', 'analytic_shrinkage', 'nonlinshrink', 'test', 'test_analytic_shrinkage_copy.py']
>>_cparts: /usr/lib/python3.11/pathlib.py
<<_cparts: ['/', 'home', 'eugenio', 'Área de trabalho', 'Grad', 'TT', 'projetos-TT', 'analytic_shrinkage', 'nonlinshrink', 'test', 'test_analytic_shrinkage_copy.py']
<__eq__: True
>__hash__: /usr/lib/python3.11/pathlib.py
<__hash__: 5645248148157726380
>pytest_runtest_makereport: /home/eugenio/Área de trabalho/Grad/TT/projetos-TT/Analise/analise.py
<pytest_runtest_makereport: None
>cast: /usr/lib/python3.11/typing.py
<cast: None
>pytest_runtest_makereport: /home/eugenio/Área de trabalho/Grad/TT/projetos-TT/Analise/analise.py
<pytest_runtest_makereport: None
>__hash__: /usr/lib/python3.11/pathlib.py
<__hash__: -8452545354329954521
>__eq__: /usr/lib/python3.11/pathlib.py
>>_cparts: /usr/lib/python3.11/pathlib.py
<<_cparts: ['/', 'home', 'eugenio', 'Área de trabalho', 'Grad', 'TT', 'projetos-TT', 'analytic_shrinkage', 'nonlinshrink', 'test', 'test_analytic_shrinkage_copy.py']
>>_cparts: /usr/lib/python3.11/pathlib.py
<<_cparts: ['/', 'home', 'eugenio', 'Área de trabalho', 'Grad', 'TT', 'projetos-TT', 'analytic_shrinkage', 'nonlinshrink', 'test', 'test_analytic_shrinkage_copy.py']
<__eq__: True
>__hash__: /usr/lib/python3.11/pathlib.py
<__hash__: 5645248148157726380
>getLogger: /usr/lib/python3.11/logging/__init__.py
<getLogger: <RootLogger root (WARNING)>
>addHandler: /usr/lib/python3.11/logging/__init__.py
>>_acquireLock: /usr/lib/python3.11/logging/__init__.py
<<_acquireLock: None
>>_releaseLock: /usr/lib/python3.11/logging/__init__.py
<<_releaseLock: None
<addHandler: None
>getLogger: /usr/lib/python3.11/logging/__init__.py
<getLogger: <RootLogger root (WARNING)>
>addHandler: /usr/lib/python3.11/logging/__init__.py
>>_acquireLock: /usr/lib/python3.11/logging/__init__.py
<<_acquireLock: None
>>_releaseLock: /usr/lib/python3.11/logging/__init__.py
<<_releaseLock: None
<addHandler: None
>cast: /usr/lib/python3.11/typing.py
<cast: {'setup': []}
>helper: /usr/lib/python3.11/contextlib.py
>>__init__: /usr/lib/python3.11/contextlib.py
<<__init__: None
<helper: <contextlib._GeneratorContextManager object at 0x7fa477b35010>
>__enter__: /usr/lib/python3.11/contextlib.py
<__enter__: None
>cast: /usr/lib/python3.11/typing.py
<cast: None
>__setitem__: <frozen os>
>>encode: <frozen os>
<<encode: b'PYTEST_CURRENT_TEST'
>>encode: <frozen os>
<<encode: b'analytic_shrinkage/nonlinshrink/test/test_analytic_shrinkage_copy.py::test_singular (call)'
<__setitem__: None
>__hash__: /usr/lib/python3.11/pathlib.py
<__hash__: -8452545354329954521
>__eq__: /usr/lib/python3.11/pathlib.py
>>_cparts: /usr/lib/python3.11/pathlib.py
<<_cparts: ['/', 'home', 'eugenio', 'Área de trabalho', 'Grad', 'TT', 'projetos-TT', 'analytic_shrinkage', 'nonlinshrink', 'test', 'test_analytic_shrinkage_copy.py']
>>_cparts: /usr/lib/python3.11/pathlib.py
<<_cparts: ['/', 'home', 'eugenio', 'Área de trabalho', 'Grad', 'TT', 'projetos-TT', 'analytic_shrinkage', 'nonlinshrink', 'test', 'test_analytic_shrinkage_copy.py']
<__eq__: True
>__hash__: /usr/lib/python3.11/pathlib.py
<__hash__: 5645248148157726380
>iscoroutinefunction: /usr/lib/python3.11/inspect.py
>>_has_code_flag: /usr/lib/python3.11/inspect.py
>>>ismethod: /usr/lib/python3.11/inspect.py
<<<ismethod: False
>>>_unwrap_partial: /usr/lib/python3.11/functools.py
<<<_unwrap_partial: <function test_singular at 0x7fa479e332e0>
>>>isfunction: /usr/lib/python3.11/inspect.py
<<<isfunction: True
<<_has_code_flag: False
<iscoroutinefunction: False
>isasyncgenfunction: /usr/lib/python3.11/inspect.py
>>_has_code_flag: /usr/lib/python3.11/inspect.py
>>>ismethod: /usr/lib/python3.11/inspect.py
<<<ismethod: False
>>>_unwrap_partial: /usr/lib/python3.11/functools.py
<<<_unwrap_partial: <function test_singular at 0x7fa479e332e0>
>>>isfunction: /usr/lib/python3.11/inspect.py
<<<isfunction: True
<<_has_code_flag: False
<isasyncgenfunction: False
>test_singular: /home/eugenio/Área de trabalho/Grad/TT/projetos-TT/analytic_shrinkage/nonlinshrink/test/test_analytic_shrinkage_copy.py
>>eye: /home/eugenio/.local/lib/python3.11/site-packages/numpy/lib/twodim_base.py
<<eye: [[1. 0.]
 [0. 1.]]
>>_handle_fromlist: <frozen importlib._bootstrap>
<<_handle_fromlist: <module 'numpy.linalg' from '/home/eugenio/.local/lib/python3.11/site-packages/numpy/linalg/__init__.py'>
>>_svd_dispatcher: /home/eugenio/.local/lib/python3.11/site-packages/numpy/linalg/linalg.py
<<_svd_dispatcher: (array([[1., 0.],
       [0., 1.]]),)
>>svd: /home/eugenio/.local/lib/python3.11/site-packages/numpy/linalg/linalg.py
>>>_makearray: /home/eugenio/.local/lib/python3.11/site-packages/numpy/linalg/linalg.py
<<<_makearray: (array([[1., 0.],
       [0., 1.]]), <built-in method __array_prepare__ of numpy.ndarray object at 0x7fa47785b090>)
>>>_assert_stacked_2d: /home/eugenio/.local/lib/python3.11/site-packages/numpy/linalg/linalg.py
<<<_assert_stacked_2d: None
>>>_commonType: /home/eugenio/.local/lib/python3.11/site-packages/numpy/linalg/linalg.py
>>>>isComplexType: /home/eugenio/.local/lib/python3.11/site-packages/numpy/linalg/linalg.py
<<<<isComplexType: False
>>>>_realType: /home/eugenio/.local/lib/python3.11/site-packages/numpy/linalg/linalg.py
<<<<_realType: <class 'numpy.float64'>
<<<_commonType: (<class 'numpy.float64'>, <class 'numpy.float64'>)
>>>get_linalg_error_extobj: /home/eugenio/.local/lib/python3.11/site-packages/numpy/linalg/linalg.py
<<<get_linalg_error_extobj: [8192, 1536, <function _raise_linalgerror_svd_nonconvergence at 0x7fa48e3ccea0>]
>>>isComplexType: /home/eugenio/.local/lib/python3.11/site-packages/numpy/linalg/linalg.py
<<<isComplexType: False
>>>_realType: /home/eugenio/.local/lib/python3.11/site-packages/numpy/linalg/linalg.py
<<<_realType: <class 'numpy.float64'>
>>><lambda>: <string>
<<<<lambda>: SVDResult(U=array([[1., 0.],
       [0., 1.]]), S=array([1., 1.]), Vh=array([[1., 0.],
       [0., 1.]]))
<<svd: SVDResult(U=array([[1., 0.],
       [0., 1.]]), S=array([1., 1.]), Vh=array([[1., 0.],
       [0., 1.]]))
>>dot: /home/eugenio/.local/lib/python3.11/site-packages/numpy/core/multiarray.py
<<dot: (array([[1., 0.],
       [0., 1.]]), array([[1., 0.],
       [0., 1.]]), None)
>>_allclose_dispatcher: /home/eugenio/.local/lib/python3.11/site-packages/numpy/core/numeric.py
<<_allclose_dispatcher: (array([[1., 0.],
       [0., 1.]]), array([[1., 0.],
       [0., 1.]]))
>>allclose: /home/eugenio/.local/lib/python3.11/site-packages/numpy/core/numeric.py
>>>_isclose_dispatcher: /home/eugenio/.local/lib/python3.11/site-packages/numpy/core/numeric.py
<<<_isclose_dispatcher: (array([[1., 0.],
       [0., 1.]]), array([[1., 0.],
       [0., 1.]]))
>>>isclose: /home/eugenio/.local/lib/python3.11/site-packages/numpy/core/numeric.py
>>>>result_type: /home/eugenio/.local/lib/python3.11/site-packages/numpy/core/multiarray.py
<<<<result_type: (array([[1., 0.],
       [0., 1.]]), 1.0)
>>>>_all_dispatcher: /home/eugenio/.local/lib/python3.11/site-packages/numpy/core/fromnumeric.py
<<<<_all_dispatcher: (array([[ True,  True],
       [ True,  True]]), None, None)
>>>>all: /home/eugenio/.local/lib/python3.11/site-packages/numpy/core/fromnumeric.py
>>>>>_wrapreduction: /home/eugenio/.local/lib/python3.11/site-packages/numpy/core/fromnumeric.py
>>>>>><dictcomp>: /home/eugenio/.local/lib/python3.11/site-packages/numpy/core/fromnumeric.py
<<<<<<<dictcomp>: {}
<<<<<_wrapreduction: True
<<<<all: True
>>>>_all_dispatcher: /home/eugenio/.local/lib/python3.11/site-packages/numpy/core/fromnumeric.py
<<<<_all_dispatcher: (array([[ True,  True],
       [ True,  True]]), None, None)
>>>>all: /home/eugenio/.local/lib/python3.11/site-packages/numpy/core/fromnumeric.py
>>>>>_wrapreduction: /home/eugenio/.local/lib/python3.11/site-packages/numpy/core/fromnumeric.py
>>>>>><dictcomp>: /home/eugenio/.local/lib/python3.11/site-packages/numpy/core/fromnumeric.py
<<<<<<<dictcomp>: {}
<<<<<_wrapreduction: True
<<<<all: True
>>>>within_tol: /home/eugenio/.local/lib/python3.11/site-packages/numpy/core/numeric.py
>>>>>__init__: /home/eugenio/.local/lib/python3.11/site-packages/numpy/core/_ufunc_config.py
<<<<<__init__: None
>>>>>__enter__: /home/eugenio/.local/lib/python3.11/site-packages/numpy/core/_ufunc_config.py
>>>>>>seterr: /home/eugenio/.local/lib/python3.11/site-packages/numpy/core/_ufunc_config.py
>>>>>>>geterr: /home/eugenio/.local/lib/python3.11/site-packages/numpy/core/_ufunc_config.py
<<<<<<<geterr: {'divide': 'warn', 'over': 'warn', 'under': 'ignore', 'invalid': 'warn'}
<<<<<<seterr: {'divide': 'warn', 'over': 'warn', 'under': 'ignore', 'invalid': 'warn'}
<<<<<__enter__: None
>>>>>helper: /usr/lib/python3.11/contextlib.py
>>>>>>__init__: /usr/lib/python3.11/contextlib.py
<<<<<<__init__: None
<<<<<helper: <contextlib._GeneratorContextManager object at 0x7fa477b36610>
>>>>>__enter__: /usr/lib/python3.11/contextlib.py
>>>>>>_no_nep50_warning: /home/eugenio/.local/lib/python3.11/site-packages/numpy/core/_ufunc_config.py
<<<<<<_no_nep50_warning: None
<<<<<__enter__: None
>>>>>__exit__: /usr/lib/python3.11/contextlib.py
>>>>>>_no_nep50_warning: /home/eugenio/.local/lib/python3.11/site-packages/numpy/core/_ufunc_config.py
<<<<<<_no_nep50_warning: None
<<<<<__exit__: False
>>>>>__exit__: /home/eugenio/.local/lib/python3.11/site-packages/numpy/core/_ufunc_config.py
>>>>>>seterr: /home/eugenio/.local/lib/python3.11/site-packages/numpy/core/_ufunc_config.py
>>>>>>>geterr: /home/eugenio/.local/lib/python3.11/site-packages/numpy/core/_ufunc_config.py
<<<<<<<geterr: {'divide': 'warn', 'over': 'warn', 'under': 'ignore', 'invalid': 'ignore'}
<<<<<<seterr: {'divide': 'warn', 'over': 'warn', 'under': 'ignore', 'invalid': 'ignore'}
<<<<<__exit__: None
<<<<within_tol: [[ True  True]
 [ True  True]]
<<<isclose: [[ True  True]
 [ True  True]]
>>>_all_dispatcher: /home/eugenio/.local/lib/python3.11/site-packages/numpy/core/fromnumeric.py
<<<_all_dispatcher: (array([[ True,  True],
       [ True,  True]]), None, None)
>>>all: /home/eugenio/.local/lib/python3.11/site-packages/numpy/core/fromnumeric.py
>>>>_wrapreduction: /home/eugenio/.local/lib/python3.11/site-packages/numpy/core/fromnumeric.py
>>>>><dictcomp>: /home/eugenio/.local/lib/python3.11/site-packages/numpy/core/fromnumeric.py
<<<<<<dictcomp>: {}
<<<<_wrapreduction: True
<<<all: True
<<allclose: True
>>dot: /home/eugenio/.local/lib/python3.11/site-packages/numpy/core/multiarray.py
<<dot: (array([[ 0.73844373,  1.81583987],
       [ 1.5130156 ,  0.9163402 ],
       [-0.43347448, -3.0618581 ],
       [ 0.84427461, -0.68794107],
       [ 1.66366536, -0.5257641 ],
       [-0.69486992, -0.95714869],
       [-2.38955868, -1.23228836],
       [-0.27735233,  1.70409194],
       [-0.03181937,  1.40371473],
       [-0.91313593, -0.26179228],
       [ 0.0746239 , -0.33587105],
       [-0.06858466,  1.98423116],
       [ 0.1100083 ,  1.50588852]]), array([[1., 0.],
       [0., 1.]]), None)
>>_vhstack_dispatcher: /home/eugenio/.local/lib/python3.11/site-packages/numpy/core/shape_base.py
>>>_arrays_for_stack_dispatcher: /home/eugenio/.local/lib/python3.11/site-packages/numpy/core/shape_base.py
<<<_arrays_for_stack_dispatcher: (array([[ 0.73844373,  1.81583987],
       [ 1.5130156 ,  0.9163402 ],
       [-0.43347448, -3.0618581 ],
       [ 0.84427461, -0.68794107],
       [ 1.66366536, -0.5257641 ],
       [-0.69486992, -0.95714869],
       [-2.38955868, -1.23228836],
       [-0.27735233,  1.70409194],
       [-0.03181937,  1.40371473],
       [-0.91313593, -0.26179228],
       [ 0.0746239 , -0.33587105],
       [-0.06858466,  1.98423116],
       [ 0.1100083 ,  1.50588852]]), array([[ 0.73844373,  1.81583987],
       [ 1.5130156 ,  0.9163402 ],
       [-0.43347448, -3.0618581 ],
       [ 0.84427461, -0.68794107],
       [ 1.66366536, -0.5257641 ],
       [-0.69486992, -0.95714869],
       [-2.38955868, -1.23228836],
       [-0.27735233,  1.70409194],
       [-0.03181937,  1.40371473],
       [-0.91313593, -0.26179228],
       [ 0.0746239 , -0.33587105],
       [-0.06858466,  1.98423116],
       [ 0.1100083 ,  1.50588852]]))
<<_vhstack_dispatcher: (array([[ 0.73844373,  1.81583987],
       [ 1.5130156 ,  0.9163402 ],
       [-0.43347448, -3.0618581 ],
       [ 0.84427461, -0.68794107],
       [ 1.66366536, -0.5257641 ],
       [-0.69486992, -0.95714869],
       [-2.38955868, -1.23228836],
       [-0.27735233,  1.70409194],
       [-0.03181937,  1.40371473],
       [-0.91313593, -0.26179228],
       [ 0.0746239 , -0.33587105],
       [-0.06858466,  1.98423116],
       [ 0.1100083 ,  1.50588852]]), array([[ 0.73844373,  1.81583987],
       [ 1.5130156 ,  0.9163402 ],
       [-0.43347448, -3.0618581 ],
       [ 0.84427461, -0.68794107],
       [ 1.66366536, -0.5257641 ],
       [-0.69486992, -0.95714869],
       [-2.38955868, -1.23228836],
       [-0.27735233,  1.70409194],
       [-0.03181937,  1.40371473],
       [-0.91313593, -0.26179228],
       [ 0.0746239 , -0.33587105],
       [-0.06858466,  1.98423116],
       [ 0.1100083 ,  1.50588852]]))
>>hstack: /home/eugenio/.local/lib/python3.11/site-packages/numpy/core/shape_base.py
>>>_atleast_1d_dispatcher: /home/eugenio/.local/lib/python3.11/site-packages/numpy/core/shape_base.py
<<<_atleast_1d_dispatcher: (array([[ 0.73844373,  1.81583987],
       [ 1.5130156 ,  0.9163402 ],
       [-0.43347448, -3.0618581 ],
       [ 0.84427461, -0.68794107],
       [ 1.66366536, -0.5257641 ],
       [-0.69486992, -0.95714869],
       [-2.38955868, -1.23228836],
       [-0.27735233,  1.70409194],
       [-0.03181937,  1.40371473],
       [-0.91313593, -0.26179228],
       [ 0.0746239 , -0.33587105],
       [-0.06858466,  1.98423116],
       [ 0.1100083 ,  1.50588852]]), array([[ 0.73844373,  1.81583987],
       [ 1.5130156 ,  0.9163402 ],
       [-0.43347448, -3.0618581 ],
       [ 0.84427461, -0.68794107],
       [ 1.66366536, -0.5257641 ],
       [-0.69486992, -0.95714869],
       [-2.38955868, -1.23228836],
       [-0.27735233,  1.70409194],
       [-0.03181937,  1.40371473],
       [-0.91313593, -0.26179228],
       [ 0.0746239 , -0.33587105],
       [-0.06858466,  1.98423116],
       [ 0.1100083 ,  1.50588852]]))
>>>atleast_1d: /home/eugenio/.local/lib/python3.11/site-packages/numpy/core/shape_base.py
<<<atleast_1d: [array([[ 0.73844373,  1.81583987],
       [ 1.5130156 ,  0.9163402 ],
       [-0.43347448, -3.0618581 ],
       [ 0.84427461, -0.68794107],
       [ 1.66366536, -0.5257641 ],
       [-0.69486992, -0.95714869],
       [-2.38955868, -1.23228836],
       [-0.27735233,  1.70409194],
       [-0.03181937,  1.40371473],
       [-0.91313593, -0.26179228],
       [ 0.0746239 , -0.33587105],
       [-0.06858466,  1.98423116],
       [ 0.1100083 ,  1.50588852]]), array([[ 0.73844373,  1.81583987],
       [ 1.5130156 ,  0.9163402 ],
       [-0.43347448, -3.0618581 ],
       [ 0.84427461, -0.68794107],
       [ 1.66366536, -0.5257641 ],
       [-0.69486992, -0.95714869],
       [-2.38955868, -1.23228836],
       [-0.27735233,  1.70409194],
       [-0.03181937,  1.40371473],
       [-0.91313593, -0.26179228],
       [ 0.0746239 , -0.33587105],
       [-0.06858466,  1.98423116],
       [ 0.1100083 ,  1.50588852]])]
>>>concatenate: /home/eugenio/.local/lib/python3.11/site-packages/numpy/core/multiarray.py
<<<concatenate: [array([[ 0.73844373,  1.81583987],
       [ 1.5130156 ,  0.9163402 ],
       [-0.43347448, -3.0618581 ],
       [ 0.84427461, -0.68794107],
       [ 1.66366536, -0.5257641 ],
       [-0.69486992, -0.95714869],
       [-2.38955868, -1.23228836],
       [-0.27735233,  1.70409194],
       [-0.03181937,  1.40371473],
       [-0.91313593, -0.26179228],
       [ 0.0746239 , -0.33587105],
       [-0.06858466,  1.98423116],
       [ 0.1100083 ,  1.50588852]]), array([[ 0.73844373,  1.81583987],
       [ 1.5130156 ,  0.9163402 ],
       [-0.43347448, -3.0618581 ],
       [ 0.84427461, -0.68794107],
       [ 1.66366536, -0.5257641 ],
       [-0.69486992, -0.95714869],
       [-2.38955868, -1.23228836],
       [-0.27735233,  1.70409194],
       [-0.03181937,  1.40371473],
       [-0.91313593, -0.26179228],
       [ 0.0746239 , -0.33587105],
       [-0.06858466,  1.98423116],
       [ 0.1100083 ,  1.50588852]])]
<<hstack: [[ 0.73844373  1.81583987  0.73844373  1.81583987]
 [ 1.5130156   0.9163402   1.5130156   0.9163402 ]
 [-0.43347448 -3.0618581  -0.43347448 -3.0618581 ]
 [ 0.84427461 -0.68794107  0.84427461 -0.68794107]
 [ 1.66366536 -0.5257641   1.66366536 -0.5257641 ]
 [-0.69486992 -0.95714869 -0.69486992 -0.95714869]
 [-2.38955868 -1.23228836 -2.38955868 -1.23228836]
 [-0.27735233  1.70409194 -0.27735233  1.70409194]
 [-0.03181937  1.40371473 -0.03181937  1.40371473]
 [-0.91313593 -0.26179228 -0.91313593 -0.26179228]
 [ 0.0746239  -0.33587105  0.0746239  -0.33587105]
 [-0.06858466  1.98423116 -0.06858466  1.98423116]
 [ 0.1100083   1.50588852  0.1100083   1.50588852]]
>>shrink_cov: /home/eugenio/Área de trabalho/Grad/TT/projetos-TT/analytic_shrinkage/nonlinshrink/nonlinshrink.py
>>>dot: /home/eugenio/.local/lib/python3.11/site-packages/numpy/core/multiarray.py
<<<dot: (array([[ 0.73844373,  1.5130156 , -0.43347448,  0.84427461,  1.66366536,
        -0.69486992, -2.38955868, -0.27735233, -0.03181937, -0.91313593,
         0.0746239 , -0.06858466,  0.1100083 ],
       [ 1.81583987,  0.9163402 , -3.0618581 , -0.68794107, -0.5257641 ,
        -0.95714869, -1.23228836,  1.70409194,  1.40371473, -0.26179228,
        -0.33587105,  1.98423116,  1.50588852],
       [ 0.73844373,  1.5130156 , -0.43347448,  0.84427461,  1.66366536,
        -0.69486992, -2.38955868, -0.27735233, -0.03181937, -0.91313593,
         0.0746239 , -0.06858466,  0.1100083 ],
       [ 1.81583987,  0.9163402 , -3.0618581 , -0.68794107, -0.5257641 ,
        -0.95714869, -1.23228836,  1.70409194,  1.40371473, -0.26179228,
        -0.33587105,  1.98423116,  1.50588852]]), array([[ 0.73844373,  1.81583987,  0.73844373,  1.81583987],
       [ 1.5130156 ,  0.9163402 ,  1.5130156 ,  0.9163402 ],
       [-0.43347448, -3.0618581 , -0.43347448, -3.0618581 ],
       [ 0.84427461, -0.68794107,  0.84427461, -0.68794107],
       [ 1.66366536, -0.5257641 ,  1.66366536, -0.5257641 ],
       [-0.69486992, -0.95714869, -0.69486992, -0.95714869],
       [-2.38955868, -1.23228836, -2.38955868, -1.23228836],
       [-0.27735233,  1.70409194, -0.27735233,  1.70409194],
       [-0.03181937,  1.40371473, -0.03181937,  1.40371473],
       [-0.91313593, -0.26179228, -0.91313593, -0.26179228],
       [ 0.0746239 , -0.33587105,  0.0746239 , -0.33587105],
       [-0.06858466,  1.98423116, -0.06858466,  1.98423116],
       [ 0.1100083 ,  1.50588852,  0.1100083 ,  1.50588852]]), None)
>>>_eigvalsh_dispatcher: /home/eugenio/.local/lib/python3.11/site-packages/numpy/linalg/linalg.py
<<<_eigvalsh_dispatcher: (array([[1.04845852, 0.45654181, 1.04845852, 0.45654181],
       [0.45654181, 2.15052695, 0.45654181, 2.15052695],
       [1.04845852, 0.45654181, 1.04845852, 0.45654181],
       [0.45654181, 2.15052695, 0.45654181, 2.15052695]]),)
>>>eigh: /home/eugenio/.local/lib/python3.11/site-packages/numpy/linalg/linalg.py
>>>>_makearray: /home/eugenio/.local/lib/python3.11/site-packages/numpy/linalg/linalg.py
<<<<_makearray: (array([[1.04845852, 0.45654181, 1.04845852, 0.45654181],
       [0.45654181, 2.15052695, 0.45654181, 2.15052695],
       [1.04845852, 0.45654181, 1.04845852, 0.45654181],
       [0.45654181, 2.15052695, 0.45654181, 2.15052695]]), <built-in method __array_prepare__ of numpy.ndarray object at 0x7fa47785bb10>)
>>>>_assert_stacked_2d: /home/eugenio/.local/lib/python3.11/site-packages/numpy/linalg/linalg.py
<<<<_assert_stacked_2d: None
>>>>_assert_stacked_square: /home/eugenio/.local/lib/python3.11/site-packages/numpy/linalg/linalg.py
<<<<_assert_stacked_square: None
>>>>_commonType: /home/eugenio/.local/lib/python3.11/site-packages/numpy/linalg/linalg.py
>>>>>isComplexType: /home/eugenio/.local/lib/python3.11/site-packages/numpy/linalg/linalg.py
<<<<<isComplexType: False
>>>>>_realType: /home/eugenio/.local/lib/python3.11/site-packages/numpy/linalg/linalg.py
<<<<<_realType: <class 'numpy.float64'>
<<<<_commonType: (<class 'numpy.float64'>, <class 'numpy.float64'>)
>>>>get_linalg_error_extobj: /home/eugenio/.local/lib/python3.11/site-packages/numpy/linalg/linalg.py
<<<<get_linalg_error_extobj: [8192, 1536, <function _raise_linalgerror_eigenvalues_nonconvergence at 0x7fa48e3cce00>]
>>>>isComplexType: /home/eugenio/.local/lib/python3.11/site-packages/numpy/linalg/linalg.py
<<<<isComplexType: False
>>>>_realType: /home/eugenio/.local/lib/python3.11/site-packages/numpy/linalg/linalg.py
<<<<_realType: <class 'numpy.float64'>
>>>><lambda>: <string>
<<<<<lambda>: EighResult(eigenvalues=array([-1.83887883e-16,  6.09088230e-16,  1.76780536e+00,  4.63016558e+00]), eigenvectors=array([[-0.61971935,  0.34051128, -0.66521458, -0.23976982],
       [-0.34051128, -0.61971935,  0.23976982, -0.66521458],
       [ 0.61971935, -0.34051128, -0.66521458, -0.23976982],
       [ 0.34051128,  0.61971935,  0.23976982, -0.66521458]]))
<<<eigh: EighResult(eigenvalues=array([-1.83887883e-16,  6.09088230e-16,  1.76780536e+00,  4.63016558e+00]), eigenvectors=array([[-0.61971935,  0.34051128, -0.66521458, -0.23976982],
       [-0.34051128, -0.61971935,  0.23976982, -0.66521458],
       [ 0.61971935, -0.34051128, -0.66521458, -0.23976982],
       [ 0.34051128,  0.61971935,  0.23976982, -0.66521458]]))
<<shrink_cov: None
>>inner: /usr/lib/python3.11/typing.py
<<inner: typing.Type[~E]
>>inner: /usr/lib/python3.11/typing.py
>>>__hash__: /usr/lib/python3.11/typing.py
<<<__hash__: 8908687115524010631
<<inner: typing.Tuple[typing.Type[~E], ~E, traceback]
>>cast: /usr/lib/python3.11/typing.py
<<cast: (<class 'ValueError'>, ValueError('Matrix is singular'), <traceback object at 0x7fa477b34900>)
<test_singular: None
>cast: /usr/lib/python3.11/typing.py
<cast: None
>__exit__: /usr/lib/python3.11/contextlib.py
>>reset: <frozen codecs>
>>>reset: <frozen codecs>
<<<reset: None
<<reset: None
>>reset: <frozen codecs>
<<reset: None
>>decode: <frozen codecs>
<<decode: 
>>reset: <frozen codecs>
>>>reset: <frozen codecs>
<<<reset: None
<<reset: None
>>reset: <frozen codecs>
<<reset: None
>>reset: <frozen codecs>
>>>reset: <frozen codecs>
<<<reset: None
<<reset: None
>>reset: <frozen codecs>
<<reset: None
>>decode: <frozen codecs>
<<decode: 
>>reset: <frozen codecs>
>>>reset: <frozen codecs>
<<<reset: None
<<reset: None
>>reset: <frozen codecs>
<<reset: None
<__exit__: False
>getLogger: /usr/lib/python3.11/logging/__init__.py
<getLogger: <RootLogger root (WARNING)>
>removeHandler: /usr/lib/python3.11/logging/__init__.py
>>_acquireLock: /usr/lib/python3.11/logging/__init__.py
<<_acquireLock: None
>>_releaseLock: /usr/lib/python3.11/logging/__init__.py
<<_releaseLock: None
<removeHandler: None
>getLogger: /usr/lib/python3.11/logging/__init__.py
<getLogger: <RootLogger root (WARNING)>
>removeHandler: /usr/lib/python3.11/logging/__init__.py
>>_acquireLock: /usr/lib/python3.11/logging/__init__.py
<<_acquireLock: None
>>_releaseLock: /usr/lib/python3.11/logging/__init__.py
<<_releaseLock: None
<removeHandler: None
>__hash__: /usr/lib/python3.11/pathlib.py
<__hash__: -8452545354329954521
>__eq__: /usr/lib/python3.11/pathlib.py
>>_cparts: /usr/lib/python3.11/pathlib.py
<<_cparts: ['/', 'home', 'eugenio', 'Área de trabalho', 'Grad', 'TT', 'projetos-TT', 'analytic_shrinkage', 'nonlinshrink', 'test', 'test_analytic_shrinkage_copy.py']
>>_cparts: /usr/lib/python3.11/pathlib.py
<<_cparts: ['/', 'home', 'eugenio', 'Área de trabalho', 'Grad', 'TT', 'projetos-TT', 'analytic_shrinkage', 'nonlinshrink', 'test', 'test_analytic_shrinkage_copy.py']
<__eq__: True
>__hash__: /usr/lib/python3.11/pathlib.py
<__hash__: 5645248148157726380
>pytest_runtest_makereport: /home/eugenio/Área de trabalho/Grad/TT/projetos-TT/Analise/analise.py
<pytest_runtest_makereport: None
>cast: /usr/lib/python3.11/typing.py
<cast: None
>pytest_runtest_makereport: /home/eugenio/Área de trabalho/Grad/TT/projetos-TT/Analise/analise.py
<pytest_runtest_makereport: None
>__hash__: /usr/lib/python3.11/pathlib.py
<__hash__: -8452545354329954521
>__eq__: /usr/lib/python3.11/pathlib.py
>>_cparts: /usr/lib/python3.11/pathlib.py
<<_cparts: ['/', 'home', 'eugenio', 'Área de trabalho', 'Grad', 'TT', 'projetos-TT', 'analytic_shrinkage', 'nonlinshrink', 'test', 'test_analytic_shrinkage_copy.py']
>>_cparts: /usr/lib/python3.11/pathlib.py
<<_cparts: ['/', 'home', 'eugenio', 'Área de trabalho', 'Grad', 'TT', 'projetos-TT', 'analytic_shrinkage', 'nonlinshrink', 'test', 'test_analytic_shrinkage_copy.py']
<__eq__: True
>__hash__: /usr/lib/python3.11/pathlib.py
<__hash__: 5645248148157726380
>getLogger: /usr/lib/python3.11/logging/__init__.py
<getLogger: <RootLogger root (WARNING)>
>addHandler: /usr/lib/python3.11/logging/__init__.py
>>_acquireLock: /usr/lib/python3.11/logging/__init__.py
<<_acquireLock: None
>>_releaseLock: /usr/lib/python3.11/logging/__init__.py
<<_releaseLock: None
<addHandler: None
>getLogger: /usr/lib/python3.11/logging/__init__.py
<getLogger: <RootLogger root (WARNING)>
>addHandler: /usr/lib/python3.11/logging/__init__.py
>>_acquireLock: /usr/lib/python3.11/logging/__init__.py
<<_acquireLock: None
>>_releaseLock: /usr/lib/python3.11/logging/__init__.py
<<_releaseLock: None
<addHandler: None
>cast: /usr/lib/python3.11/typing.py
<cast: {'setup': [], 'call': []}
>helper: /usr/lib/python3.11/contextlib.py
>>__init__: /usr/lib/python3.11/contextlib.py
<<__init__: None
<helper: <contextlib._GeneratorContextManager object at 0x7fa477b35f90>
>__enter__: /usr/lib/python3.11/contextlib.py
<__enter__: None
>__setitem__: <frozen os>
>>encode: <frozen os>
<<encode: b'PYTEST_CURRENT_TEST'
>>encode: <frozen os>
<<encode: b'analytic_shrinkage/nonlinshrink/test/test_analytic_shrinkage_copy.py::test_singular (teardown)'
<__setitem__: None
>end: /home/eugenio/Área de trabalho/Grad/TT/projetos-TT/conftest.py
