>__exit__: /usr/lib/python3.11/contextlib.py
>>reset: <frozen codecs>
>>>reset: <frozen codecs>
<<<reset: None
<<reset: None
>>reset: <frozen codecs>
<<reset: None
>>decode: <frozen codecs>
<<decode: 
>>reset: <frozen codecs>
>>>reset: <frozen codecs>
<<<reset: None
<<reset: None
>>reset: <frozen codecs>
<<reset: None
>>reset: <frozen codecs>
>>>reset: <frozen codecs>
<<<reset: None
<<reset: None
>>reset: <frozen codecs>
<<reset: None
>>decode: <frozen codecs>
<<decode: 
>>reset: <frozen codecs>
>>>reset: <frozen codecs>
<<<reset: None
<<reset: None
>>reset: <frozen codecs>
<<reset: None
<__exit__: False
>getLogger: /usr/lib/python3.11/logging/__init__.py
<getLogger: <RootLogger root (WARNING)>
>removeHandler: /usr/lib/python3.11/logging/__init__.py
>>_acquireLock: /usr/lib/python3.11/logging/__init__.py
<<_acquireLock: None
>>_releaseLock: /usr/lib/python3.11/logging/__init__.py
<<_releaseLock: None
<removeHandler: None
>getLogger: /usr/lib/python3.11/logging/__init__.py
<getLogger: <RootLogger root (WARNING)>
>removeHandler: /usr/lib/python3.11/logging/__init__.py
>>_acquireLock: /usr/lib/python3.11/logging/__init__.py
<<_acquireLock: None
>>_releaseLock: /usr/lib/python3.11/logging/__init__.py
<<_releaseLock: None
<removeHandler: None
>__hash__: /usr/lib/python3.11/pathlib.py
<__hash__: -8452545354329954521
>__eq__: /usr/lib/python3.11/pathlib.py
>>_cparts: /usr/lib/python3.11/pathlib.py
<<_cparts: ['/', 'home', 'eugenio', 'Área de trabalho', 'Grad', 'TT', 'projetos-TT', 'analytic_shrinkage', 'nonlinshrink', 'test', 'test_analytic_shrinkage_copy.py']
>>_cparts: /usr/lib/python3.11/pathlib.py
<<_cparts: ['/', 'home', 'eugenio', 'Área de trabalho', 'Grad', 'TT', 'projetos-TT', 'analytic_shrinkage', 'nonlinshrink', 'test', 'test_analytic_shrinkage_copy.py']
<__eq__: True
>__hash__: /usr/lib/python3.11/pathlib.py
<__hash__: 5645248148157726380
>pytest_runtest_makereport: /home/eugenio/Área de trabalho/Grad/TT/projetos-TT/Analise/analise.py
<pytest_runtest_makereport: None
>cast: /usr/lib/python3.11/typing.py
<cast: None
>pytest_runtest_makereport: /home/eugenio/Área de trabalho/Grad/TT/projetos-TT/Analise/analise.py
<pytest_runtest_makereport: None
>__hash__: /usr/lib/python3.11/pathlib.py
<__hash__: -8452545354329954521
>__eq__: /usr/lib/python3.11/pathlib.py
>>_cparts: /usr/lib/python3.11/pathlib.py
<<_cparts: ['/', 'home', 'eugenio', 'Área de trabalho', 'Grad', 'TT', 'projetos-TT', 'analytic_shrinkage', 'nonlinshrink', 'test', 'test_analytic_shrinkage_copy.py']
>>_cparts: /usr/lib/python3.11/pathlib.py
<<_cparts: ['/', 'home', 'eugenio', 'Área de trabalho', 'Grad', 'TT', 'projetos-TT', 'analytic_shrinkage', 'nonlinshrink', 'test', 'test_analytic_shrinkage_copy.py']
<__eq__: True
>__hash__: /usr/lib/python3.11/pathlib.py
<__hash__: 5645248148157726380
>getLogger: /usr/lib/python3.11/logging/__init__.py
<getLogger: <RootLogger root (WARNING)>
>addHandler: /usr/lib/python3.11/logging/__init__.py
>>_acquireLock: /usr/lib/python3.11/logging/__init__.py
<<_acquireLock: None
>>_releaseLock: /usr/lib/python3.11/logging/__init__.py
<<_releaseLock: None
<addHandler: None
>getLogger: /usr/lib/python3.11/logging/__init__.py
<getLogger: <RootLogger root (WARNING)>
>addHandler: /usr/lib/python3.11/logging/__init__.py
>>_acquireLock: /usr/lib/python3.11/logging/__init__.py
<<_acquireLock: None
>>_releaseLock: /usr/lib/python3.11/logging/__init__.py
<<_releaseLock: None
<addHandler: None
>cast: /usr/lib/python3.11/typing.py
<cast: {'setup': []}
>helper: /usr/lib/python3.11/contextlib.py
>>__init__: /usr/lib/python3.11/contextlib.py
<<__init__: None
<helper: <contextlib._GeneratorContextManager object at 0x7fa4772d2490>
>__enter__: /usr/lib/python3.11/contextlib.py
<__enter__: None
>cast: /usr/lib/python3.11/typing.py
<cast: None
>__setitem__: <frozen os>
>>encode: <frozen os>
<<encode: b'PYTEST_CURRENT_TEST'
>>encode: <frozen os>
<<encode: b'analytic_shrinkage/nonlinshrink/test/test_analytic_shrinkage_copy.py::test_large_p (call)'
<__setitem__: None
>__hash__: /usr/lib/python3.11/pathlib.py
<__hash__: -8452545354329954521
>__eq__: /usr/lib/python3.11/pathlib.py
>>_cparts: /usr/lib/python3.11/pathlib.py
<<_cparts: ['/', 'home', 'eugenio', 'Área de trabalho', 'Grad', 'TT', 'projetos-TT', 'analytic_shrinkage', 'nonlinshrink', 'test', 'test_analytic_shrinkage_copy.py']
>>_cparts: /usr/lib/python3.11/pathlib.py
<<_cparts: ['/', 'home', 'eugenio', 'Área de trabalho', 'Grad', 'TT', 'projetos-TT', 'analytic_shrinkage', 'nonlinshrink', 'test', 'test_analytic_shrinkage_copy.py']
<__eq__: True
>__hash__: /usr/lib/python3.11/pathlib.py
<__hash__: 5645248148157726380
>iscoroutinefunction: /usr/lib/python3.11/inspect.py
>>_has_code_flag: /usr/lib/python3.11/inspect.py
>>>ismethod: /usr/lib/python3.11/inspect.py
<<<ismethod: False
>>>_unwrap_partial: /usr/lib/python3.11/functools.py
<<<_unwrap_partial: <function test_large_p at 0x7fa479e33380>
>>>isfunction: /usr/lib/python3.11/inspect.py
<<<isfunction: True
<<_has_code_flag: False
<iscoroutinefunction: False
>isasyncgenfunction: /usr/lib/python3.11/inspect.py
>>_has_code_flag: /usr/lib/python3.11/inspect.py
>>>ismethod: /usr/lib/python3.11/inspect.py
<<<ismethod: False
>>>_unwrap_partial: /usr/lib/python3.11/functools.py
<<<_unwrap_partial: <function test_large_p at 0x7fa479e33380>
>>>isfunction: /usr/lib/python3.11/inspect.py
<<<isfunction: True
<<_has_code_flag: False
<isasyncgenfunction: False
>test_large_p: /home/eugenio/Área de trabalho/Grad/TT/projetos-TT/analytic_shrinkage/nonlinshrink/test/test_analytic_shrinkage_copy.py
>>eye: /home/eugenio/.local/lib/python3.11/site-packages/numpy/lib/twodim_base.py
<<eye: [[1. 0. 0. 0. 0. 0. 0. 0. 0. 0. 0. 0. 0.]
 [0. 1. 0. 0. 0. 0. 0. 0. 0. 0. 0. 0. 0.]
 [0. 0. 1. 0. 0. 0. 0. 0. 0. 0. 0. 0. 0.]
 [0. 0. 0. 1. 0. 0. 0. 0. 0. 0. 0. 0. 0.]
 [0. 0. 0. 0. 1. 0. 0. 0. 0. 0. 0. 0. 0.]
 [0. 0. 0. 0. 0. 1. 0. 0. 0. 0. 0. 0. 0.]
 [0. 0. 0. 0. 0. 0. 1. 0. 0. 0. 0. 0. 0.]
 [0. 0. 0. 0. 0. 0. 0. 1. 0. 0. 0. 0. 0.]
 [0. 0. 0. 0. 0. 0. 0. 0. 1. 0. 0. 0. 0.]
 [0. 0. 0. 0. 0. 0. 0. 0. 0. 1. 0. 0. 0.]
 [0. 0. 0. 0. 0. 0. 0. 0. 0. 0. 1. 0. 0.]
 [0. 0. 0. 0. 0. 0. 0. 0. 0. 0. 0. 1. 0.]
 [0. 0. 0. 0. 0. 0. 0. 0. 0. 0. 0. 0. 1.]]
>>_handle_fromlist: <frozen importlib._bootstrap>
<<_handle_fromlist: <module 'numpy.linalg' from '/home/eugenio/.local/lib/python3.11/site-packages/numpy/linalg/__init__.py'>
>>_svd_dispatcher: /home/eugenio/.local/lib/python3.11/site-packages/numpy/linalg/linalg.py
<<_svd_dispatcher: (array([[1., 0., 0., 0., 0., 0., 0., 0., 0., 0., 0., 0., 0.],
       [0., 1., 0., 0., 0., 0., 0., 0., 0., 0., 0., 0., 0.],
       [0., 0., 1., 0., 0., 0., 0., 0., 0., 0., 0., 0., 0.],
       [0., 0., 0., 1., 0., 0., 0., 0., 0., 0., 0., 0., 0.],
       [0., 0., 0., 0., 1., 0., 0., 0., 0., 0., 0., 0., 0.],
       [0., 0., 0., 0., 0., 1., 0., 0., 0., 0., 0., 0., 0.],
       [0., 0., 0., 0., 0., 0., 1., 0., 0., 0., 0., 0., 0.],
       [0., 0., 0., 0., 0., 0., 0., 1., 0., 0., 0., 0., 0.],
       [0., 0., 0., 0., 0., 0., 0., 0., 1., 0., 0., 0., 0.],
       [0., 0., 0., 0., 0., 0., 0., 0., 0., 1., 0., 0., 0.],
       [0., 0., 0., 0., 0., 0., 0., 0., 0., 0., 1., 0., 0.],
       [0., 0., 0., 0., 0., 0., 0., 0., 0., 0., 0., 1., 0.],
       [0., 0., 0., 0., 0., 0., 0., 0., 0., 0., 0., 0., 1.]]),)
>>svd: /home/eugenio/.local/lib/python3.11/site-packages/numpy/linalg/linalg.py
>>>_makearray: /home/eugenio/.local/lib/python3.11/site-packages/numpy/linalg/linalg.py
<<<_makearray: (array([[1., 0., 0., 0., 0., 0., 0., 0., 0., 0., 0., 0., 0.],
       [0., 1., 0., 0., 0., 0., 0., 0., 0., 0., 0., 0., 0.],
       [0., 0., 1., 0., 0., 0., 0., 0., 0., 0., 0., 0., 0.],
       [0., 0., 0., 1., 0., 0., 0., 0., 0., 0., 0., 0., 0.],
       [0., 0., 0., 0., 1., 0., 0., 0., 0., 0., 0., 0., 0.],
       [0., 0., 0., 0., 0., 1., 0., 0., 0., 0., 0., 0., 0.],
       [0., 0., 0., 0., 0., 0., 1., 0., 0., 0., 0., 0., 0.],
       [0., 0., 0., 0., 0., 0., 0., 1., 0., 0., 0., 0., 0.],
       [0., 0., 0., 0., 0., 0., 0., 0., 1., 0., 0., 0., 0.],
       [0., 0., 0., 0., 0., 0., 0., 0., 0., 1., 0., 0., 0.],
       [0., 0., 0., 0., 0., 0., 0., 0., 0., 0., 1., 0., 0.],
       [0., 0., 0., 0., 0., 0., 0., 0., 0., 0., 0., 1., 0.],
       [0., 0., 0., 0., 0., 0., 0., 0., 0., 0., 0., 0., 1.]]), <built-in method __array_prepare__ of numpy.ndarray object at 0x7fa4777484b0>)
>>>_assert_stacked_2d: /home/eugenio/.local/lib/python3.11/site-packages/numpy/linalg/linalg.py
<<<_assert_stacked_2d: None
>>>_commonType: /home/eugenio/.local/lib/python3.11/site-packages/numpy/linalg/linalg.py
>>>>isComplexType: /home/eugenio/.local/lib/python3.11/site-packages/numpy/linalg/linalg.py
<<<<isComplexType: False
>>>>_realType: /home/eugenio/.local/lib/python3.11/site-packages/numpy/linalg/linalg.py
<<<<_realType: <class 'numpy.float64'>
<<<_commonType: (<class 'numpy.float64'>, <class 'numpy.float64'>)
>>>get_linalg_error_extobj: /home/eugenio/.local/lib/python3.11/site-packages/numpy/linalg/linalg.py
<<<get_linalg_error_extobj: [8192, 1536, <function _raise_linalgerror_svd_nonconvergence at 0x7fa48e3ccea0>]
>>>isComplexType: /home/eugenio/.local/lib/python3.11/site-packages/numpy/linalg/linalg.py
<<<isComplexType: False
>>>_realType: /home/eugenio/.local/lib/python3.11/site-packages/numpy/linalg/linalg.py
<<<_realType: <class 'numpy.float64'>
>>><lambda>: <string>
<<<<lambda>: SVDResult(U=array([[1., 0., 0., 0., 0., 0., 0., 0., 0., 0., 0., 0., 0.],
       [0., 1., 0., 0., 0., 0., 0., 0., 0., 0., 0., 0., 0.],
       [0., 0., 1., 0., 0., 0., 0., 0., 0., 0., 0., 0., 0.],
       [0., 0., 0., 1., 0., 0., 0., 0., 0., 0., 0., 0., 0.],
       [0., 0., 0., 0., 1., 0., 0., 0., 0., 0., 0., 0., 0.],
       [0., 0., 0., 0., 0., 1., 0., 0., 0., 0., 0., 0., 0.],
       [0., 0., 0., 0., 0., 0., 1., 0., 0., 0., 0., 0., 0.],
       [0., 0., 0., 0., 0., 0., 0., 1., 0., 0., 0., 0., 0.],
       [0., 0., 0., 0., 0., 0., 0., 0., 1., 0., 0., 0., 0.],
       [0., 0., 0., 0., 0., 0., 0., 0., 0., 1., 0., 0., 0.],
       [0., 0., 0., 0., 0., 0., 0., 0., 0., 0., 1., 0., 0.],
       [0., 0., 0., 0., 0., 0., 0., 0., 0., 0., 0., 1., 0.],
       [0., 0., 0., 0., 0., 0., 0., 0., 0., 0., 0., 0., 1.]]), S=array([1., 1., 1., 1., 1., 1., 1., 1., 1., 1., 1., 1., 1.]), Vh=array([[1., 0., 0., 0., 0., 0., 0., 0., 0., 0., 0., 0., 0.],
       [0., 1., 0., 0., 0., 0., 0., 0., 0., 0., 0., 0., 0.],
       [0., 0., 1., 0., 0., 0., 0., 0., 0., 0., 0., 0., 0.],
       [0., 0., 0., 1., 0., 0., 0., 0., 0., 0., 0., 0., 0.],
       [0., 0., 0., 0., 1., 0., 0., 0., 0., 0., 0., 0., 0.],
       [0., 0., 0., 0., 0., 1., 0., 0., 0., 0., 0., 0., 0.],
       [0., 0., 0., 0., 0., 0., 1., 0., 0., 0., 0., 0., 0.],
       [0., 0., 0., 0., 0., 0., 0., 1., 0., 0., 0., 0., 0.],
       [0., 0., 0., 0., 0., 0., 0., 0., 1., 0., 0., 0., 0.],
       [0., 0., 0., 0., 0., 0., 0., 0., 0., 1., 0., 0., 0.],
       [0., 0., 0., 0., 0., 0., 0., 0., 0., 0., 1., 0., 0.],
       [0., 0., 0., 0., 0., 0., 0., 0., 0., 0., 0., 1., 0.],
       [0., 0., 0., 0., 0., 0., 0., 0., 0., 0., 0., 0., 1.]]))
<<svd: SVDResult(U=array([[1., 0., 0., 0., 0., 0., 0., 0., 0., 0., 0., 0., 0.],
       [0., 1., 0., 0., 0., 0., 0., 0., 0., 0., 0., 0., 0.],
       [0., 0., 1., 0., 0., 0., 0., 0., 0., 0., 0., 0., 0.],
       [0., 0., 0., 1., 0., 0., 0., 0., 0., 0., 0., 0., 0.],
       [0., 0., 0., 0., 1., 0., 0., 0., 0., 0., 0., 0., 0.],
       [0., 0., 0., 0., 0., 1., 0., 0., 0., 0., 0., 0., 0.],
       [0., 0., 0., 0., 0., 0., 1., 0., 0., 0., 0., 0., 0.],
       [0., 0., 0., 0., 0., 0., 0., 1., 0., 0., 0., 0., 0.],
       [0., 0., 0., 0., 0., 0., 0., 0., 1., 0., 0., 0., 0.],
       [0., 0., 0., 0., 0., 0., 0., 0., 0., 1., 0., 0., 0.],
       [0., 0., 0., 0., 0., 0., 0., 0., 0., 0., 1., 0., 0.],
       [0., 0., 0., 0., 0., 0., 0., 0., 0., 0., 0., 1., 0.],
       [0., 0., 0., 0., 0., 0., 0., 0., 0., 0., 0., 0., 1.]]), S=array([1., 1., 1., 1., 1., 1., 1., 1., 1., 1., 1., 1., 1.]), Vh=array([[1., 0., 0., 0., 0., 0., 0., 0., 0., 0., 0., 0., 0.],
       [0., 1., 0., 0., 0., 0., 0., 0., 0., 0., 0., 0., 0.],
       [0., 0., 1., 0., 0., 0., 0., 0., 0., 0., 0., 0., 0.],
       [0., 0., 0., 1., 0., 0., 0., 0., 0., 0., 0., 0., 0.],
       [0., 0., 0., 0., 1., 0., 0., 0., 0., 0., 0., 0., 0.],
       [0., 0., 0., 0., 0., 1., 0., 0., 0., 0., 0., 0., 0.],
       [0., 0., 0., 0., 0., 0., 1., 0., 0., 0., 0., 0., 0.],
       [0., 0., 0., 0., 0., 0., 0., 1., 0., 0., 0., 0., 0.],
       [0., 0., 0., 0., 0., 0., 0., 0., 1., 0., 0., 0., 0.],
       [0., 0., 0., 0., 0., 0., 0., 0., 0., 1., 0., 0., 0.],
       [0., 0., 0., 0., 0., 0., 0., 0., 0., 0., 1., 0., 0.],
       [0., 0., 0., 0., 0., 0., 0., 0., 0., 0., 0., 1., 0.],
       [0., 0., 0., 0., 0., 0., 0., 0., 0., 0., 0., 0., 1.]]))
>>dot: /home/eugenio/.local/lib/python3.11/site-packages/numpy/core/multiarray.py
<<dot: (array([[1., 0., 0., 0., 0., 0., 0., 0., 0., 0., 0., 0., 0.],
       [0., 1., 0., 0., 0., 0., 0., 0., 0., 0., 0., 0., 0.],
       [0., 0., 1., 0., 0., 0., 0., 0., 0., 0., 0., 0., 0.],
       [0., 0., 0., 1., 0., 0., 0., 0., 0., 0., 0., 0., 0.],
       [0., 0., 0., 0., 1., 0., 0., 0., 0., 0., 0., 0., 0.],
       [0., 0., 0., 0., 0., 1., 0., 0., 0., 0., 0., 0., 0.],
       [0., 0., 0., 0., 0., 0., 1., 0., 0., 0., 0., 0., 0.],
       [0., 0., 0., 0., 0., 0., 0., 1., 0., 0., 0., 0., 0.],
       [0., 0., 0., 0., 0., 0., 0., 0., 1., 0., 0., 0., 0.],
       [0., 0., 0., 0., 0., 0., 0., 0., 0., 1., 0., 0., 0.],
       [0., 0., 0., 0., 0., 0., 0., 0., 0., 0., 1., 0., 0.],
       [0., 0., 0., 0., 0., 0., 0., 0., 0., 0., 0., 1., 0.],
       [0., 0., 0., 0., 0., 0., 0., 0., 0., 0., 0., 0., 1.]]), array([[1., 0., 0., 0., 0., 0., 0., 0., 0., 0., 0., 0., 0.],
       [0., 1., 0., 0., 0., 0., 0., 0., 0., 0., 0., 0., 0.],
       [0., 0., 1., 0., 0., 0., 0., 0., 0., 0., 0., 0., 0.],
       [0., 0., 0., 1., 0., 0., 0., 0., 0., 0., 0., 0., 0.],
       [0., 0., 0., 0., 1., 0., 0., 0., 0., 0., 0., 0., 0.],
       [0., 0., 0., 0., 0., 1., 0., 0., 0., 0., 0., 0., 0.],
       [0., 0., 0., 0., 0., 0., 1., 0., 0., 0., 0., 0., 0.],
       [0., 0., 0., 0., 0., 0., 0., 1., 0., 0., 0., 0., 0.],
       [0., 0., 0., 0., 0., 0., 0., 0., 1., 0., 0., 0., 0.],
       [0., 0., 0., 0., 0., 0., 0., 0., 0., 1., 0., 0., 0.],
       [0., 0., 0., 0., 0., 0., 0., 0., 0., 0., 1., 0., 0.],
       [0., 0., 0., 0., 0., 0., 0., 0., 0., 0., 0., 1., 0.],
       [0., 0., 0., 0., 0., 0., 0., 0., 0., 0., 0., 0., 1.]]), None)
>>_allclose_dispatcher: /home/eugenio/.local/lib/python3.11/site-packages/numpy/core/numeric.py
<<_allclose_dispatcher: (array([[1., 0., 0., 0., 0., 0., 0., 0., 0., 0., 0., 0., 0.],
       [0., 1., 0., 0., 0., 0., 0., 0., 0., 0., 0., 0., 0.],
       [0., 0., 1., 0., 0., 0., 0., 0., 0., 0., 0., 0., 0.],
       [0., 0., 0., 1., 0., 0., 0., 0., 0., 0., 0., 0., 0.],
       [0., 0., 0., 0., 1., 0., 0., 0., 0., 0., 0., 0., 0.],
       [0., 0., 0., 0., 0., 1., 0., 0., 0., 0., 0., 0., 0.],
       [0., 0., 0., 0., 0., 0., 1., 0., 0., 0., 0., 0., 0.],
       [0., 0., 0., 0., 0., 0., 0., 1., 0., 0., 0., 0., 0.],
       [0., 0., 0., 0., 0., 0., 0., 0., 1., 0., 0., 0., 0.],
       [0., 0., 0., 0., 0., 0., 0., 0., 0., 1., 0., 0., 0.],
       [0., 0., 0., 0., 0., 0., 0., 0., 0., 0., 1., 0., 0.],
       [0., 0., 0., 0., 0., 0., 0., 0., 0., 0., 0., 1., 0.],
       [0., 0., 0., 0., 0., 0., 0., 0., 0., 0., 0., 0., 1.]]), array([[1., 0., 0., 0., 0., 0., 0., 0., 0., 0., 0., 0., 0.],
       [0., 1., 0., 0., 0., 0., 0., 0., 0., 0., 0., 0., 0.],
       [0., 0., 1., 0., 0., 0., 0., 0., 0., 0., 0., 0., 0.],
       [0., 0., 0., 1., 0., 0., 0., 0., 0., 0., 0., 0., 0.],
       [0., 0., 0., 0., 1., 0., 0., 0., 0., 0., 0., 0., 0.],
       [0., 0., 0., 0., 0., 1., 0., 0., 0., 0., 0., 0., 0.],
       [0., 0., 0., 0., 0., 0., 1., 0., 0., 0., 0., 0., 0.],
       [0., 0., 0., 0., 0., 0., 0., 1., 0., 0., 0., 0., 0.],
       [0., 0., 0., 0., 0., 0., 0., 0., 1., 0., 0., 0., 0.],
       [0., 0., 0., 0., 0., 0., 0., 0., 0., 1., 0., 0., 0.],
       [0., 0., 0., 0., 0., 0., 0., 0., 0., 0., 1., 0., 0.],
       [0., 0., 0., 0., 0., 0., 0., 0., 0., 0., 0., 1., 0.],
       [0., 0., 0., 0., 0., 0., 0., 0., 0., 0., 0., 0., 1.]]))
>>allclose: /home/eugenio/.local/lib/python3.11/site-packages/numpy/core/numeric.py
>>>_isclose_dispatcher: /home/eugenio/.local/lib/python3.11/site-packages/numpy/core/numeric.py
<<<_isclose_dispatcher: (array([[1., 0., 0., 0., 0., 0., 0., 0., 0., 0., 0., 0., 0.],
       [0., 1., 0., 0., 0., 0., 0., 0., 0., 0., 0., 0., 0.],
       [0., 0., 1., 0., 0., 0., 0., 0., 0., 0., 0., 0., 0.],
       [0., 0., 0., 1., 0., 0., 0., 0., 0., 0., 0., 0., 0.],
       [0., 0., 0., 0., 1., 0., 0., 0., 0., 0., 0., 0., 0.],
       [0., 0., 0., 0., 0., 1., 0., 0., 0., 0., 0., 0., 0.],
       [0., 0., 0., 0., 0., 0., 1., 0., 0., 0., 0., 0., 0.],
       [0., 0., 0., 0., 0., 0., 0., 1., 0., 0., 0., 0., 0.],
       [0., 0., 0., 0., 0., 0., 0., 0., 1., 0., 0., 0., 0.],
       [0., 0., 0., 0., 0., 0., 0., 0., 0., 1., 0., 0., 0.],
       [0., 0., 0., 0., 0., 0., 0., 0., 0., 0., 1., 0., 0.],
       [0., 0., 0., 0., 0., 0., 0., 0., 0., 0., 0., 1., 0.],
       [0., 0., 0., 0., 0., 0., 0., 0., 0., 0., 0., 0., 1.]]), array([[1., 0., 0., 0., 0., 0., 0., 0., 0., 0., 0., 0., 0.],
       [0., 1., 0., 0., 0., 0., 0., 0., 0., 0., 0., 0., 0.],
       [0., 0., 1., 0., 0., 0., 0., 0., 0., 0., 0., 0., 0.],
       [0., 0., 0., 1., 0., 0., 0., 0., 0., 0., 0., 0., 0.],
       [0., 0., 0., 0., 1., 0., 0., 0., 0., 0., 0., 0., 0.],
       [0., 0., 0., 0., 0., 1., 0., 0., 0., 0., 0., 0., 0.],
       [0., 0., 0., 0., 0., 0., 1., 0., 0., 0., 0., 0., 0.],
       [0., 0., 0., 0., 0., 0., 0., 1., 0., 0., 0., 0., 0.],
       [0., 0., 0., 0., 0., 0., 0., 0., 1., 0., 0., 0., 0.],
       [0., 0., 0., 0., 0., 0., 0., 0., 0., 1., 0., 0., 0.],
       [0., 0., 0., 0., 0., 0., 0., 0., 0., 0., 1., 0., 0.],
       [0., 0., 0., 0., 0., 0., 0., 0., 0., 0., 0., 1., 0.],
       [0., 0., 0., 0., 0., 0., 0., 0., 0., 0., 0., 0., 1.]]))
>>>isclose: /home/eugenio/.local/lib/python3.11/site-packages/numpy/core/numeric.py
>>>>result_type: /home/eugenio/.local/lib/python3.11/site-packages/numpy/core/multiarray.py
<<<<result_type: (array([[1., 0., 0., 0., 0., 0., 0., 0., 0., 0., 0., 0., 0.],
       [0., 1., 0., 0., 0., 0., 0., 0., 0., 0., 0., 0., 0.],
       [0., 0., 1., 0., 0., 0., 0., 0., 0., 0., 0., 0., 0.],
       [0., 0., 0., 1., 0., 0., 0., 0., 0., 0., 0., 0., 0.],
       [0., 0., 0., 0., 1., 0., 0., 0., 0., 0., 0., 0., 0.],
       [0., 0., 0., 0., 0., 1., 0., 0., 0., 0., 0., 0., 0.],
       [0., 0., 0., 0., 0., 0., 1., 0., 0., 0., 0., 0., 0.],
       [0., 0., 0., 0., 0., 0., 0., 1., 0., 0., 0., 0., 0.],
       [0., 0., 0., 0., 0., 0., 0., 0., 1., 0., 0., 0., 0.],
       [0., 0., 0., 0., 0., 0., 0., 0., 0., 1., 0., 0., 0.],
       [0., 0., 0., 0., 0., 0., 0., 0., 0., 0., 1., 0., 0.],
       [0., 0., 0., 0., 0., 0., 0., 0., 0., 0., 0., 1., 0.],
       [0., 0., 0., 0., 0., 0., 0., 0., 0., 0., 0., 0., 1.]]), 1.0)
>>>>_all_dispatcher: /home/eugenio/.local/lib/python3.11/site-packages/numpy/core/fromnumeric.py
<<<<_all_dispatcher: (array([[ True,  True,  True,  True,  True,  True,  True,  True,  True,
         True,  True,  True,  True],
       [ True,  True,  True,  True,  True,  True,  True,  True,  True,
         True,  True,  True,  True],
       [ True,  True,  True,  True,  True,  True,  True,  True,  True,
         True,  True,  True,  True],
       [ True,  True,  True,  True,  True,  True,  True,  True,  True,
         True,  True,  True,  True],
       [ True,  True,  True,  True,  True,  True,  True,  True,  True,
         True,  True,  True,  True],
       [ True,  True,  True,  True,  True,  True,  True,  True,  True,
         True,  True,  True,  True],
       [ True,  True,  True,  True,  True,  True,  True,  True,  True,
         True,  True,  True,  True],
       [ True,  True,  True,  True,  True,  True,  True,  True,  True,
         True,  True,  True,  True],
       [ True,  True,  True,  True,  True,  True,  True,  True,  True,
         True,  True,  True,  True],
       [ True,  True,  True,  True,  True,  True,  True,  True,  True,
         True,  True,  True,  True],
       [ True,  True,  True,  True,  True,  True,  True,  True,  True,
         True,  True,  True,  True],
       [ True,  True,  True,  True,  True,  True,  True,  True,  True,
         True,  True,  True,  True],
       [ True,  True,  True,  True,  True,  True,  True,  True,  True,
         True,  True,  True,  True]]), None, None)
>>>>all: /home/eugenio/.local/lib/python3.11/site-packages/numpy/core/fromnumeric.py
>>>>>_wrapreduction: /home/eugenio/.local/lib/python3.11/site-packages/numpy/core/fromnumeric.py
>>>>>><dictcomp>: /home/eugenio/.local/lib/python3.11/site-packages/numpy/core/fromnumeric.py
<<<<<<<dictcomp>: {}
<<<<<_wrapreduction: True
<<<<all: True
>>>>_all_dispatcher: /home/eugenio/.local/lib/python3.11/site-packages/numpy/core/fromnumeric.py
<<<<_all_dispatcher: (array([[ True,  True,  True,  True,  True,  True,  True,  True,  True,
         True,  True,  True,  True],
       [ True,  True,  True,  True,  True,  True,  True,  True,  True,
         True,  True,  True,  True],
       [ True,  True,  True,  True,  True,  True,  True,  True,  True,
         True,  True,  True,  True],
       [ True,  True,  True,  True,  True,  True,  True,  True,  True,
         True,  True,  True,  True],
       [ True,  True,  True,  True,  True,  True,  True,  True,  True,
         True,  True,  True,  True],
       [ True,  True,  True,  True,  True,  True,  True,  True,  True,
         True,  True,  True,  True],
       [ True,  True,  True,  True,  True,  True,  True,  True,  True,
         True,  True,  True,  True],
       [ True,  True,  True,  True,  True,  True,  True,  True,  True,
         True,  True,  True,  True],
       [ True,  True,  True,  True,  True,  True,  True,  True,  True,
         True,  True,  True,  True],
       [ True,  True,  True,  True,  True,  True,  True,  True,  True,
         True,  True,  True,  True],
       [ True,  True,  True,  True,  True,  True,  True,  True,  True,
         True,  True,  True,  True],
       [ True,  True,  True,  True,  True,  True,  True,  True,  True,
         True,  True,  True,  True],
       [ True,  True,  True,  True,  True,  True,  True,  True,  True,
         True,  True,  True,  True]]), None, None)
>>>>all: /home/eugenio/.local/lib/python3.11/site-packages/numpy/core/fromnumeric.py
>>>>>_wrapreduction: /home/eugenio/.local/lib/python3.11/site-packages/numpy/core/fromnumeric.py
>>>>>><dictcomp>: /home/eugenio/.local/lib/python3.11/site-packages/numpy/core/fromnumeric.py
<<<<<<<dictcomp>: {}
<<<<<_wrapreduction: True
<<<<all: True
>>>>within_tol: /home/eugenio/.local/lib/python3.11/site-packages/numpy/core/numeric.py
>>>>>__init__: /home/eugenio/.local/lib/python3.11/site-packages/numpy/core/_ufunc_config.py
<<<<<__init__: None
>>>>>__enter__: /home/eugenio/.local/lib/python3.11/site-packages/numpy/core/_ufunc_config.py
>>>>>>seterr: /home/eugenio/.local/lib/python3.11/site-packages/numpy/core/_ufunc_config.py
>>>>>>>geterr: /home/eugenio/.local/lib/python3.11/site-packages/numpy/core/_ufunc_config.py
<<<<<<<geterr: {'divide': 'warn', 'over': 'warn', 'under': 'ignore', 'invalid': 'warn'}
<<<<<<seterr: {'divide': 'warn', 'over': 'warn', 'under': 'ignore', 'invalid': 'warn'}
<<<<<__enter__: None
>>>>>helper: /usr/lib/python3.11/contextlib.py
>>>>>>__init__: /usr/lib/python3.11/contextlib.py
<<<<<<__init__: None
<<<<<helper: <contextlib._GeneratorContextManager object at 0x7fa477ada350>
>>>>>__enter__: /usr/lib/python3.11/contextlib.py
>>>>>>_no_nep50_warning: /home/eugenio/.local/lib/python3.11/site-packages/numpy/core/_ufunc_config.py
<<<<<<_no_nep50_warning: None
<<<<<__enter__: None
>>>>>__exit__: /usr/lib/python3.11/contextlib.py
>>>>>>_no_nep50_warning: /home/eugenio/.local/lib/python3.11/site-packages/numpy/core/_ufunc_config.py
<<<<<<_no_nep50_warning: None
<<<<<__exit__: False
>>>>>__exit__: /home/eugenio/.local/lib/python3.11/site-packages/numpy/core/_ufunc_config.py
>>>>>>seterr: /home/eugenio/.local/lib/python3.11/site-packages/numpy/core/_ufunc_config.py
>>>>>>>geterr: /home/eugenio/.local/lib/python3.11/site-packages/numpy/core/_ufunc_config.py
<<<<<<<geterr: {'divide': 'warn', 'over': 'warn', 'under': 'ignore', 'invalid': 'ignore'}
<<<<<<seterr: {'divide': 'warn', 'over': 'warn', 'under': 'ignore', 'invalid': 'ignore'}
<<<<<__exit__: None
<<<<within_tol: [[ True  True  True  True  True  True  True  True  True  True  True  True
   True]
 [ True  True  True  True  True  True  True  True  True  True  True  True
   True]
 [ True  True  True  True  True  True  True  True  True  True  True  True
   True]
 [ True  True  True  True  True  True  True  True  True  True  True  True
   True]
 [ True  True  True  True  True  True  True  True  True  True  True  True
   True]
 [ True  True  True  True  True  True  True  True  True  True  True  True
   True]
 [ True  True  True  True  True  True  True  True  True  True  True  True
   True]
 [ True  True  True  True  True  True  True  True  True  True  True  True
   True]
 [ True  True  True  True  True  True  True  True  True  True  True  True
   True]
 [ True  True  True  True  True  True  True  True  True  True  True  True
   True]
 [ True  True  True  True  True  True  True  True  True  True  True  True
   True]
 [ True  True  True  True  True  True  True  True  True  True  True  True
   True]
 [ True  True  True  True  True  True  True  True  True  True  True  True
   True]]
<<<isclose: [[ True  True  True  True  True  True  True  True  True  True  True  True
   True]
 [ True  True  True  True  True  True  True  True  True  True  True  True
   True]
 [ True  True  True  True  True  True  True  True  True  True  True  True
   True]
 [ True  True  True  True  True  True  True  True  True  True  True  True
   True]
 [ True  True  True  True  True  True  True  True  True  True  True  True
   True]
 [ True  True  True  True  True  True  True  True  True  True  True  True
   True]
 [ True  True  True  True  True  True  True  True  True  True  True  True
   True]
 [ True  True  True  True  True  True  True  True  True  True  True  True
   True]
 [ True  True  True  True  True  True  True  True  True  True  True  True
   True]
 [ True  True  True  True  True  True  True  True  True  True  True  True
   True]
 [ True  True  True  True  True  True  True  True  True  True  True  True
   True]
 [ True  True  True  True  True  True  True  True  True  True  True  True
   True]
 [ True  True  True  True  True  True  True  True  True  True  True  True
   True]]
>>>_all_dispatcher: /home/eugenio/.local/lib/python3.11/site-packages/numpy/core/fromnumeric.py
<<<_all_dispatcher: (array([[ True,  True,  True,  True,  True,  True,  True,  True,  True,
         True,  True,  True,  True],
       [ True,  True,  True,  True,  True,  True,  True,  True,  True,
         True,  True,  True,  True],
       [ True,  True,  True,  True,  True,  True,  True,  True,  True,
         True,  True,  True,  True],
       [ True,  True,  True,  True,  True,  True,  True,  True,  True,
         True,  True,  True,  True],
       [ True,  True,  True,  True,  True,  True,  True,  True,  True,
         True,  True,  True,  True],
       [ True,  True,  True,  True,  True,  True,  True,  True,  True,
         True,  True,  True,  True],
       [ True,  True,  True,  True,  True,  True,  True,  True,  True,
         True,  True,  True,  True],
       [ True,  True,  True,  True,  True,  True,  True,  True,  True,
         True,  True,  True,  True],
       [ True,  True,  True,  True,  True,  True,  True,  True,  True,
         True,  True,  True,  True],
       [ True,  True,  True,  True,  True,  True,  True,  True,  True,
         True,  True,  True,  True],
       [ True,  True,  True,  True,  True,  True,  True,  True,  True,
         True,  True,  True,  True],
       [ True,  True,  True,  True,  True,  True,  True,  True,  True,
         True,  True,  True,  True],
       [ True,  True,  True,  True,  True,  True,  True,  True,  True,
         True,  True,  True,  True]]), None, None)
>>>all: /home/eugenio/.local/lib/python3.11/site-packages/numpy/core/fromnumeric.py
>>>>_wrapreduction: /home/eugenio/.local/lib/python3.11/site-packages/numpy/core/fromnumeric.py
>>>>><dictcomp>: /home/eugenio/.local/lib/python3.11/site-packages/numpy/core/fromnumeric.py
<<<<<<dictcomp>: {}
<<<<_wrapreduction: True
<<<all: True
<<allclose: True
>>dot: /home/eugenio/.local/lib/python3.11/site-packages/numpy/core/multiarray.py
<<dot: (array([[ 0.64411369, -0.28540937, -1.03721879,  0.82901141,  1.79737354,
        -0.61298863,  0.05745002, -0.98697403, -1.23067579, -1.69475469,
         0.3821591 , -0.14054308,  0.62381555],
       [ 1.44530842,  0.71824908,  1.59577587, -0.9011951 ,  0.95232187,
         1.13780549, -0.61574025,  1.20150881,  1.72169927,  0.44630768,
         0.5001873 , -1.4677785 ,  0.0566722 ],
       [ 0.96143643,  1.81346279,  0.4715538 ,  0.71019357,  0.73543694,
        -1.04151384, -0.59352765, -0.35156326, -0.47924217,  1.36584539,
         0.85710785,  0.54276628, -0.23142538],
       [-0.25127306,  0.05784195, -0.74946207,  0.08333802,  2.13392537,
        -0.84490312, -0.84542699, -0.45219857, -0.70750902, -0.74194534,
        -0.4668305 , -0.00633796, -0.3017907 ],
       [ 0.3615668 ,  0.99547049,  2.76032468, -0.01512336,  0.57136967,
        -0.24064544,  0.61679812, -1.25572101,  0.77719363, -1.90199661,
         0.86824634, -1.77415506, -0.15071181],
       [ 0.90691279,  0.62927733, -1.816083  , -1.91122409, -0.03822106,
         0.50230289,  0.42026641, -1.55881588,  0.25152003,  0.60232804,
         0.07143425, -1.12879444,  0.15266353],
       [-0.80470123,  0.16308096, -0.22611329, -0.29765488,  0.72040886,
         0.31568485,  1.66187455,  0.66262998, -1.1374222 , -2.28891759,
        -0.6153629 ,  0.30234556, -0.02417688],
       [ 0.1392573 , -1.14229351,  1.07840968,  1.34605381, -0.77618391,
        -0.74122824, -1.03780789, -1.23104612,  0.38644209,  0.36536797,
        -0.62210643, -1.49032628,  0.85725987],
       [-1.06343813, -0.8470097 , -1.33358243,  0.72328031, -1.8992348 ,
        -0.41567985, -1.05835779,  0.33840513,  0.53619045, -2.73264487,
         0.73427906, -0.57656539, -1.12678485],
       [-0.04741307,  0.96487862,  0.59299537,  0.27210351,  0.11464434,
        -0.3405826 , -1.25623748,  0.58499551, -2.09747719, -0.1846985 ,
        -0.14175056,  1.92610501,  1.75820822],
       [-0.20681523, -1.62813616,  0.56820056,  1.78467209,  2.25091308,
        -1.68880509, -0.75994633,  0.44020943,  0.05721079, -1.16671374,
         0.77474698,  0.52974289, -1.08777729],
       [-0.02453708, -0.23121691,  0.07634895, -0.60084088,  0.68608618,
        -0.13089051, -0.10286546,  1.83650689, -1.35077126, -1.02334187,
        -1.30761571, -0.84563266, -1.30920976]]), array([[1., 0., 0., 0., 0., 0., 0., 0., 0., 0., 0., 0., 0.],
       [0., 1., 0., 0., 0., 0., 0., 0., 0., 0., 0., 0., 0.],
       [0., 0., 1., 0., 0., 0., 0., 0., 0., 0., 0., 0., 0.],
       [0., 0., 0., 1., 0., 0., 0., 0., 0., 0., 0., 0., 0.],
       [0., 0., 0., 0., 1., 0., 0., 0., 0., 0., 0., 0., 0.],
       [0., 0., 0., 0., 0., 1., 0., 0., 0., 0., 0., 0., 0.],
       [0., 0., 0., 0., 0., 0., 1., 0., 0., 0., 0., 0., 0.],
       [0., 0., 0., 0., 0., 0., 0., 1., 0., 0., 0., 0., 0.],
       [0., 0., 0., 0., 0., 0., 0., 0., 1., 0., 0., 0., 0.],
       [0., 0., 0., 0., 0., 0., 0., 0., 0., 1., 0., 0., 0.],
       [0., 0., 0., 0., 0., 0., 0., 0., 0., 0., 1., 0., 0.],
       [0., 0., 0., 0., 0., 0., 0., 0., 0., 0., 0., 1., 0.],
       [0., 0., 0., 0., 0., 0., 0., 0., 0., 0., 0., 0., 1.]]), None)
>>shrink_cov: /home/eugenio/Área de trabalho/Grad/TT/projetos-TT/analytic_shrinkage/nonlinshrink/nonlinshrink.py
>>>dot: /home/eugenio/.local/lib/python3.11/site-packages/numpy/core/multiarray.py
<<<dot: (array([[ 0.64411369,  1.44530842,  0.96143643, -0.25127306,  0.3615668 ,
         0.90691279, -0.80470123,  0.1392573 , -1.06343813, -0.04741307,
        -0.20681523, -0.02453708],
       [-0.28540937,  0.71824908,  1.81346279,  0.05784195,  0.99547049,
         0.62927733,  0.16308096, -1.14229351, -0.8470097 ,  0.96487862,
        -1.62813616, -0.23121691],
       [-1.03721879,  1.59577587,  0.4715538 , -0.74946207,  2.76032468,
        -1.816083  , -0.22611329,  1.07840968, -1.33358243,  0.59299537,
         0.56820056,  0.07634895],
       [ 0.82901141, -0.9011951 ,  0.71019357,  0.08333802, -0.01512336,
        -1.91122409, -0.29765488,  1.34605381,  0.72328031,  0.27210351,
         1.78467209, -0.60084088],
       [ 1.79737354,  0.95232187,  0.73543694,  2.13392537,  0.57136967,
        -0.03822106,  0.72040886, -0.77618391, -1.8992348 ,  0.11464434,
         2.25091308,  0.68608618],
       [-0.61298863,  1.13780549, -1.04151384, -0.84490312, -0.24064544,
         0.50230289,  0.31568485, -0.74122824, -0.41567985, -0.3405826 ,
        -1.68880509, -0.13089051],
       [ 0.05745002, -0.61574025, -0.59352765, -0.84542699,  0.61679812,
         0.42026641,  1.66187455, -1.03780789, -1.05835779, -1.25623748,
        -0.75994633, -0.10286546],
       [-0.98697403,  1.20150881, -0.35156326, -0.45219857, -1.25572101,
        -1.55881588,  0.66262998, -1.23104612,  0.33840513,  0.58499551,
         0.44020943,  1.83650689],
       [-1.23067579,  1.72169927, -0.47924217, -0.70750902,  0.77719363,
         0.25152003, -1.1374222 ,  0.38644209,  0.53619045, -2.09747719,
         0.05721079, -1.35077126],
       [-1.69475469,  0.44630768,  1.36584539, -0.74194534, -1.90199661,
         0.60232804, -2.28891759,  0.36536797, -2.73264487, -0.1846985 ,
        -1.16671374, -1.02334187],
       [ 0.3821591 ,  0.5001873 ,  0.85710785, -0.4668305 ,  0.86824634,
         0.07143425, -0.6153629 , -0.62210643,  0.73427906, -0.14175056,
         0.77474698, -1.30761571],
       [-0.14054308, -1.4677785 ,  0.54276628, -0.00633796, -1.77415506,
        -1.12879444,  0.30234556, -1.49032628, -0.57656539,  1.92610501,
         0.52974289, -0.84563266],
       [ 0.62381555,  0.0566722 , -0.23142538, -0.3017907 , -0.15071181,
         0.15266353, -0.02417688,  0.85725987, -1.12678485,  1.75820822,
        -1.08777729, -1.30920976]]), array([[ 0.64411369, -0.28540937, -1.03721879,  0.82901141,  1.79737354,
        -0.61298863,  0.05745002, -0.98697403, -1.23067579, -1.69475469,
         0.3821591 , -0.14054308,  0.62381555],
       [ 1.44530842,  0.71824908,  1.59577587, -0.9011951 ,  0.95232187,
         1.13780549, -0.61574025,  1.20150881,  1.72169927,  0.44630768,
         0.5001873 , -1.4677785 ,  0.0566722 ],
       [ 0.96143643,  1.81346279,  0.4715538 ,  0.71019357,  0.73543694,
        -1.04151384, -0.59352765, -0.35156326, -0.47924217,  1.36584539,
         0.85710785,  0.54276628, -0.23142538],
       [-0.25127306,  0.05784195, -0.74946207,  0.08333802,  2.13392537,
        -0.84490312, -0.84542699, -0.45219857, -0.70750902, -0.74194534,
        -0.4668305 , -0.00633796, -0.3017907 ],
       [ 0.3615668 ,  0.99547049,  2.76032468, -0.01512336,  0.57136967,
        -0.24064544,  0.61679812, -1.25572101,  0.77719363, -1.90199661,
         0.86824634, -1.77415506, -0.15071181],
       [ 0.90691279,  0.62927733, -1.816083  , -1.91122409, -0.03822106,
         0.50230289,  0.42026641, -1.55881588,  0.25152003,  0.60232804,
         0.07143425, -1.12879444,  0.15266353],
       [-0.80470123,  0.16308096, -0.22611329, -0.29765488,  0.72040886,
         0.31568485,  1.66187455,  0.66262998, -1.1374222 , -2.28891759,
        -0.6153629 ,  0.30234556, -0.02417688],
       [ 0.1392573 , -1.14229351,  1.07840968,  1.34605381, -0.77618391,
        -0.74122824, -1.03780789, -1.23104612,  0.38644209,  0.36536797,
        -0.62210643, -1.49032628,  0.85725987],
       [-1.06343813, -0.8470097 , -1.33358243,  0.72328031, -1.8992348 ,
        -0.41567985, -1.05835779,  0.33840513,  0.53619045, -2.73264487,
         0.73427906, -0.57656539, -1.12678485],
       [-0.04741307,  0.96487862,  0.59299537,  0.27210351,  0.11464434,
        -0.3405826 , -1.25623748,  0.58499551, -2.09747719, -0.1846985 ,
        -0.14175056,  1.92610501,  1.75820822],
       [-0.20681523, -1.62813616,  0.56820056,  1.78467209,  2.25091308,
        -1.68880509, -0.75994633,  0.44020943,  0.05721079, -1.16671374,
         0.77474698,  0.52974289, -1.08777729],
       [-0.02453708, -0.23121691,  0.07634895, -0.60084088,  0.68608618,
        -0.13089051, -0.10286546,  1.83650689, -1.35077126, -1.02334187,
        -1.30761571, -0.84563266, -1.30920976]]), None)
>>>_eigvalsh_dispatcher: /home/eugenio/.local/lib/python3.11/site-packages/numpy/linalg/linalg.py
<<<_eigvalsh_dispatcher: (array([[ 0.5239982 ,  0.36841386,  0.26948448, -0.21290768,  0.31008642,
         0.10687998, -0.06200498, -0.18497128,  0.2034564 ,  0.49879475,
         0.14961797, -0.28095928,  0.16098667],
       [ 0.36841386,  0.91336828,  0.27910191, -0.45932321,  0.08940335,
         0.23605088,  0.1413733 , -0.09160385, -0.10632704,  0.43381788,
         0.13160779,  0.07707498,  0.25941617],
       [ 0.26948448,  0.27910191,  1.58306591,  0.25729516,  0.24847387,
        -0.03923555, -0.08477144,  0.10728853,  0.38843103,  0.08594637,
         0.18067611, -0.35925653,  0.13536436],
       [-0.21290768, -0.45932321,  0.25729516,  0.97561977,  0.19996447,
        -0.64336385, -0.41628115, -0.07985833, -0.15617466, -0.36186391,
         0.19106934,  0.26999415, -0.02858969],
       [ 0.31008642,  0.08940335,  0.24847387,  0.19996447,  1.65324235,
        -0.4234844 , -0.02497389,  0.04974697, -0.43135735, -0.36680566,
         0.06385304,  0.08894526, -0.1182399 ],
       [ 0.10687998,  0.23605088, -0.03923555, -0.64336385, -0.4234844 ,
         0.63218705,  0.3431559 ,  0.16978722,  0.30631095,  0.3184142 ,
        -0.12198264, -0.19033781,  0.12716452],
       [-0.06200498,  0.1413733 , -0.08477144, -0.41628115, -0.02497389,
         0.3431559 ,  0.760979  , -0.07274153,  0.01737157, -0.12855146,
        -0.10540555, -0.08880601, -0.05167232],
       [-0.18497128, -0.09160385,  0.10728853, -0.07985833,  0.04974697,
         0.16978722, -0.07274153,  1.06086636, -0.19390088, -0.15654552,
        -0.21706728,  0.31845672, -0.3071521 ],
       [ 0.2034564 , -0.10632704,  0.38843103, -0.15617466, -0.43135735,
         0.30631095,  0.01737157, -0.19390088,  1.15284827,  0.3650113 ,
         0.33035919, -0.6974071 , -0.22095251],
       [ 0.49879475,  0.43381788,  0.08594637, -0.36186391, -0.36680566,
         0.3184142 , -0.12855146, -0.15654552,  0.3650113 ,  2.06252827,
        -0.07338828,  0.2711855 ,  0.4155266 ],
       [ 0.14961797,  0.13160779,  0.18067611,  0.19106934,  0.06385304,
        -0.12198264, -0.10540555, -0.21706728,  0.33035919, -0.07338828,
         0.47856589, -0.03165517, -0.0530431 ],
       [-0.28095928,  0.07707498, -0.35925653,  0.26999415,  0.08894526,
        -0.19033781, -0.08880601,  0.31845672, -0.6974071 ,  0.2711855 ,
        -0.03165517,  1.18675668,  0.2568857 ],
       [ 0.16098667,  0.25941617,  0.13536436, -0.02858969, -0.1182399 ,
         0.12716452, -0.05167232, -0.3071521 , -0.22095251,  0.4155266 ,
        -0.0530431 ,  0.2568857 ,  0.71472683]]),)
>>>eigh: /home/eugenio/.local/lib/python3.11/site-packages/numpy/linalg/linalg.py
>>>>_makearray: /home/eugenio/.local/lib/python3.11/site-packages/numpy/linalg/linalg.py
<<<<_makearray: (array([[ 0.5239982 ,  0.36841386,  0.26948448, -0.21290768,  0.31008642,
         0.10687998, -0.06200498, -0.18497128,  0.2034564 ,  0.49879475,
         0.14961797, -0.28095928,  0.16098667],
       [ 0.36841386,  0.91336828,  0.27910191, -0.45932321,  0.08940335,
         0.23605088,  0.1413733 , -0.09160385, -0.10632704,  0.43381788,
         0.13160779,  0.07707498,  0.25941617],
       [ 0.26948448,  0.27910191,  1.58306591,  0.25729516,  0.24847387,
        -0.03923555, -0.08477144,  0.10728853,  0.38843103,  0.08594637,
         0.18067611, -0.35925653,  0.13536436],
