>__exit__: /usr/lib/python3.11/contextlib.py
>>reset: <frozen codecs>
>>>reset: <frozen codecs>
<<<reset: None
<<reset: None
>>reset: <frozen codecs>
<<reset: None
>>decode: <frozen codecs>
<<decode: 
>>reset: <frozen codecs>
>>>reset: <frozen codecs>
<<<reset: None
<<reset: None
>>reset: <frozen codecs>
<<reset: None
>>reset: <frozen codecs>
>>>reset: <frozen codecs>
<<<reset: None
<<reset: None
>>reset: <frozen codecs>
<<reset: None
>>decode: <frozen codecs>
<<decode: 
>>reset: <frozen codecs>
>>>reset: <frozen codecs>
<<<reset: None
<<reset: None
>>reset: <frozen codecs>
<<reset: None
<__exit__: False
>getLogger: /usr/lib/python3.11/logging/__init__.py
<getLogger: <RootLogger root (WARNING)>
>removeHandler: /usr/lib/python3.11/logging/__init__.py
>>_acquireLock: /usr/lib/python3.11/logging/__init__.py
<<_acquireLock: None
>>_releaseLock: /usr/lib/python3.11/logging/__init__.py
<<_releaseLock: None
<removeHandler: None
>getLogger: /usr/lib/python3.11/logging/__init__.py
<getLogger: <RootLogger root (WARNING)>
>removeHandler: /usr/lib/python3.11/logging/__init__.py
>>_acquireLock: /usr/lib/python3.11/logging/__init__.py
<<_acquireLock: None
>>_releaseLock: /usr/lib/python3.11/logging/__init__.py
<<_releaseLock: None
<removeHandler: None
>__hash__: /usr/lib/python3.11/pathlib.py
<__hash__: -8452545354329954521
>__eq__: /usr/lib/python3.11/pathlib.py
>>_cparts: /usr/lib/python3.11/pathlib.py
<<_cparts: ['/', 'home', 'eugenio', 'Área de trabalho', 'Grad', 'TT', 'projetos-TT', 'analytic_shrinkage', 'nonlinshrink', 'test', 'test_analytic_shrinkage_copy.py']
>>_cparts: /usr/lib/python3.11/pathlib.py
<<_cparts: ['/', 'home', 'eugenio', 'Área de trabalho', 'Grad', 'TT', 'projetos-TT', 'analytic_shrinkage', 'nonlinshrink', 'test', 'test_analytic_shrinkage_copy.py']
<__eq__: True
>__hash__: /usr/lib/python3.11/pathlib.py
<__hash__: 5645248148157726380
>pytest_runtest_makereport: /home/eugenio/Área de trabalho/Grad/TT/projetos-TT/Analise/analise.py
<pytest_runtest_makereport: None
>cast: /usr/lib/python3.11/typing.py
<cast: None
>pytest_runtest_makereport: /home/eugenio/Área de trabalho/Grad/TT/projetos-TT/Analise/analise.py
<pytest_runtest_makereport: None
>__hash__: /usr/lib/python3.11/pathlib.py
<__hash__: -8452545354329954521
>__eq__: /usr/lib/python3.11/pathlib.py
>>_cparts: /usr/lib/python3.11/pathlib.py
<<_cparts: ['/', 'home', 'eugenio', 'Área de trabalho', 'Grad', 'TT', 'projetos-TT', 'analytic_shrinkage', 'nonlinshrink', 'test', 'test_analytic_shrinkage_copy.py']
>>_cparts: /usr/lib/python3.11/pathlib.py
<<_cparts: ['/', 'home', 'eugenio', 'Área de trabalho', 'Grad', 'TT', 'projetos-TT', 'analytic_shrinkage', 'nonlinshrink', 'test', 'test_analytic_shrinkage_copy.py']
<__eq__: True
>__hash__: /usr/lib/python3.11/pathlib.py
<__hash__: 5645248148157726380
>getLogger: /usr/lib/python3.11/logging/__init__.py
<getLogger: <RootLogger root (WARNING)>
>addHandler: /usr/lib/python3.11/logging/__init__.py
>>_acquireLock: /usr/lib/python3.11/logging/__init__.py
<<_acquireLock: None
>>_releaseLock: /usr/lib/python3.11/logging/__init__.py
<<_releaseLock: None
<addHandler: None
>getLogger: /usr/lib/python3.11/logging/__init__.py
<getLogger: <RootLogger root (WARNING)>
>addHandler: /usr/lib/python3.11/logging/__init__.py
>>_acquireLock: /usr/lib/python3.11/logging/__init__.py
<<_acquireLock: None
>>_releaseLock: /usr/lib/python3.11/logging/__init__.py
<<_releaseLock: None
<addHandler: None
>cast: /usr/lib/python3.11/typing.py
<cast: {'setup': []}
>helper: /usr/lib/python3.11/contextlib.py
>>__init__: /usr/lib/python3.11/contextlib.py
<<__init__: None
<helper: <contextlib._GeneratorContextManager object at 0x7fa477c1e8d0>
>__enter__: /usr/lib/python3.11/contextlib.py
<__enter__: None
>cast: /usr/lib/python3.11/typing.py
<cast: None
>__setitem__: <frozen os>
>>encode: <frozen os>
<<encode: b'PYTEST_CURRENT_TEST'
>>encode: <frozen os>
<<encode: b'analytic_shrinkage/nonlinshrink/test/test_analytic_shrinkage_copy.py::test_large_p (call)'
<__setitem__: None
>__hash__: /usr/lib/python3.11/pathlib.py
<__hash__: -8452545354329954521
>__eq__: /usr/lib/python3.11/pathlib.py
>>_cparts: /usr/lib/python3.11/pathlib.py
<<_cparts: ['/', 'home', 'eugenio', 'Área de trabalho', 'Grad', 'TT', 'projetos-TT', 'analytic_shrinkage', 'nonlinshrink', 'test', 'test_analytic_shrinkage_copy.py']
>>_cparts: /usr/lib/python3.11/pathlib.py
<<_cparts: ['/', 'home', 'eugenio', 'Área de trabalho', 'Grad', 'TT', 'projetos-TT', 'analytic_shrinkage', 'nonlinshrink', 'test', 'test_analytic_shrinkage_copy.py']
<__eq__: True
>__hash__: /usr/lib/python3.11/pathlib.py
<__hash__: 5645248148157726380
>iscoroutinefunction: /usr/lib/python3.11/inspect.py
>>_has_code_flag: /usr/lib/python3.11/inspect.py
>>>ismethod: /usr/lib/python3.11/inspect.py
<<<ismethod: False
>>>_unwrap_partial: /usr/lib/python3.11/functools.py
<<<_unwrap_partial: <function test_large_p at 0x7fa479e33380>
>>>isfunction: /usr/lib/python3.11/inspect.py
<<<isfunction: True
<<_has_code_flag: False
<iscoroutinefunction: False
>isasyncgenfunction: /usr/lib/python3.11/inspect.py
>>_has_code_flag: /usr/lib/python3.11/inspect.py
>>>ismethod: /usr/lib/python3.11/inspect.py
<<<ismethod: False
>>>_unwrap_partial: /usr/lib/python3.11/functools.py
<<<_unwrap_partial: <function test_large_p at 0x7fa479e33380>
>>>isfunction: /usr/lib/python3.11/inspect.py
<<<isfunction: True
<<_has_code_flag: False
<isasyncgenfunction: False
>test_large_p: /home/eugenio/Área de trabalho/Grad/TT/projetos-TT/analytic_shrinkage/nonlinshrink/test/test_analytic_shrinkage_copy.py
>>eye: /home/eugenio/.local/lib/python3.11/site-packages/numpy/lib/twodim_base.py
<<eye: [[1. 0. 0. 0. 0. 0. 0. 0. 0. 0. 0. 0. 0.]
 [0. 1. 0. 0. 0. 0. 0. 0. 0. 0. 0. 0. 0.]
 [0. 0. 1. 0. 0. 0. 0. 0. 0. 0. 0. 0. 0.]
 [0. 0. 0. 1. 0. 0. 0. 0. 0. 0. 0. 0. 0.]
 [0. 0. 0. 0. 1. 0. 0. 0. 0. 0. 0. 0. 0.]
 [0. 0. 0. 0. 0. 1. 0. 0. 0. 0. 0. 0. 0.]
 [0. 0. 0. 0. 0. 0. 1. 0. 0. 0. 0. 0. 0.]
 [0. 0. 0. 0. 0. 0. 0. 1. 0. 0. 0. 0. 0.]
 [0. 0. 0. 0. 0. 0. 0. 0. 1. 0. 0. 0. 0.]
 [0. 0. 0. 0. 0. 0. 0. 0. 0. 1. 0. 0. 0.]
 [0. 0. 0. 0. 0. 0. 0. 0. 0. 0. 1. 0. 0.]
 [0. 0. 0. 0. 0. 0. 0. 0. 0. 0. 0. 1. 0.]
 [0. 0. 0. 0. 0. 0. 0. 0. 0. 0. 0. 0. 1.]]
>>_handle_fromlist: <frozen importlib._bootstrap>
<<_handle_fromlist: <module 'numpy.linalg' from '/home/eugenio/.local/lib/python3.11/site-packages/numpy/linalg/__init__.py'>
>>_svd_dispatcher: /home/eugenio/.local/lib/python3.11/site-packages/numpy/linalg/linalg.py
<<_svd_dispatcher: (array([[1., 0., 0., 0., 0., 0., 0., 0., 0., 0., 0., 0., 0.],
       [0., 1., 0., 0., 0., 0., 0., 0., 0., 0., 0., 0., 0.],
       [0., 0., 1., 0., 0., 0., 0., 0., 0., 0., 0., 0., 0.],
       [0., 0., 0., 1., 0., 0., 0., 0., 0., 0., 0., 0., 0.],
       [0., 0., 0., 0., 1., 0., 0., 0., 0., 0., 0., 0., 0.],
       [0., 0., 0., 0., 0., 1., 0., 0., 0., 0., 0., 0., 0.],
       [0., 0., 0., 0., 0., 0., 1., 0., 0., 0., 0., 0., 0.],
       [0., 0., 0., 0., 0., 0., 0., 1., 0., 0., 0., 0., 0.],
       [0., 0., 0., 0., 0., 0., 0., 0., 1., 0., 0., 0., 0.],
       [0., 0., 0., 0., 0., 0., 0., 0., 0., 1., 0., 0., 0.],
       [0., 0., 0., 0., 0., 0., 0., 0., 0., 0., 1., 0., 0.],
       [0., 0., 0., 0., 0., 0., 0., 0., 0., 0., 0., 1., 0.],
       [0., 0., 0., 0., 0., 0., 0., 0., 0., 0., 0., 0., 1.]]),)
>>svd: /home/eugenio/.local/lib/python3.11/site-packages/numpy/linalg/linalg.py
>>>_makearray: /home/eugenio/.local/lib/python3.11/site-packages/numpy/linalg/linalg.py
<<<_makearray: (array([[1., 0., 0., 0., 0., 0., 0., 0., 0., 0., 0., 0., 0.],
       [0., 1., 0., 0., 0., 0., 0., 0., 0., 0., 0., 0., 0.],
       [0., 0., 1., 0., 0., 0., 0., 0., 0., 0., 0., 0., 0.],
       [0., 0., 0., 1., 0., 0., 0., 0., 0., 0., 0., 0., 0.],
       [0., 0., 0., 0., 1., 0., 0., 0., 0., 0., 0., 0., 0.],
       [0., 0., 0., 0., 0., 1., 0., 0., 0., 0., 0., 0., 0.],
       [0., 0., 0., 0., 0., 0., 1., 0., 0., 0., 0., 0., 0.],
       [0., 0., 0., 0., 0., 0., 0., 1., 0., 0., 0., 0., 0.],
       [0., 0., 0., 0., 0., 0., 0., 0., 1., 0., 0., 0., 0.],
       [0., 0., 0., 0., 0., 0., 0., 0., 0., 1., 0., 0., 0.],
       [0., 0., 0., 0., 0., 0., 0., 0., 0., 0., 1., 0., 0.],
       [0., 0., 0., 0., 0., 0., 0., 0., 0., 0., 0., 1., 0.],
       [0., 0., 0., 0., 0., 0., 0., 0., 0., 0., 0., 0., 1.]]), <built-in method __array_prepare__ of numpy.ndarray object at 0x7fa47785bf90>)
>>>_assert_stacked_2d: /home/eugenio/.local/lib/python3.11/site-packages/numpy/linalg/linalg.py
<<<_assert_stacked_2d: None
>>>_commonType: /home/eugenio/.local/lib/python3.11/site-packages/numpy/linalg/linalg.py
>>>>isComplexType: /home/eugenio/.local/lib/python3.11/site-packages/numpy/linalg/linalg.py
<<<<isComplexType: False
>>>>_realType: /home/eugenio/.local/lib/python3.11/site-packages/numpy/linalg/linalg.py
<<<<_realType: <class 'numpy.float64'>
<<<_commonType: (<class 'numpy.float64'>, <class 'numpy.float64'>)
>>>get_linalg_error_extobj: /home/eugenio/.local/lib/python3.11/site-packages/numpy/linalg/linalg.py
<<<get_linalg_error_extobj: [8192, 1536, <function _raise_linalgerror_svd_nonconvergence at 0x7fa48e3ccea0>]
>>>isComplexType: /home/eugenio/.local/lib/python3.11/site-packages/numpy/linalg/linalg.py
<<<isComplexType: False
>>>_realType: /home/eugenio/.local/lib/python3.11/site-packages/numpy/linalg/linalg.py
<<<_realType: <class 'numpy.float64'>
>>><lambda>: <string>
<<<<lambda>: SVDResult(U=array([[1., 0., 0., 0., 0., 0., 0., 0., 0., 0., 0., 0., 0.],
       [0., 1., 0., 0., 0., 0., 0., 0., 0., 0., 0., 0., 0.],
       [0., 0., 1., 0., 0., 0., 0., 0., 0., 0., 0., 0., 0.],
       [0., 0., 0., 1., 0., 0., 0., 0., 0., 0., 0., 0., 0.],
       [0., 0., 0., 0., 1., 0., 0., 0., 0., 0., 0., 0., 0.],
       [0., 0., 0., 0., 0., 1., 0., 0., 0., 0., 0., 0., 0.],
       [0., 0., 0., 0., 0., 0., 1., 0., 0., 0., 0., 0., 0.],
       [0., 0., 0., 0., 0., 0., 0., 1., 0., 0., 0., 0., 0.],
       [0., 0., 0., 0., 0., 0., 0., 0., 1., 0., 0., 0., 0.],
       [0., 0., 0., 0., 0., 0., 0., 0., 0., 1., 0., 0., 0.],
       [0., 0., 0., 0., 0., 0., 0., 0., 0., 0., 1., 0., 0.],
       [0., 0., 0., 0., 0., 0., 0., 0., 0., 0., 0., 1., 0.],
       [0., 0., 0., 0., 0., 0., 0., 0., 0., 0., 0., 0., 1.]]), S=array([1., 1., 1., 1., 1., 1., 1., 1., 1., 1., 1., 1., 1.]), Vh=array([[1., 0., 0., 0., 0., 0., 0., 0., 0., 0., 0., 0., 0.],
       [0., 1., 0., 0., 0., 0., 0., 0., 0., 0., 0., 0., 0.],
       [0., 0., 1., 0., 0., 0., 0., 0., 0., 0., 0., 0., 0.],
       [0., 0., 0., 1., 0., 0., 0., 0., 0., 0., 0., 0., 0.],
       [0., 0., 0., 0., 1., 0., 0., 0., 0., 0., 0., 0., 0.],
       [0., 0., 0., 0., 0., 1., 0., 0., 0., 0., 0., 0., 0.],
       [0., 0., 0., 0., 0., 0., 1., 0., 0., 0., 0., 0., 0.],
       [0., 0., 0., 0., 0., 0., 0., 1., 0., 0., 0., 0., 0.],
       [0., 0., 0., 0., 0., 0., 0., 0., 1., 0., 0., 0., 0.],
       [0., 0., 0., 0., 0., 0., 0., 0., 0., 1., 0., 0., 0.],
       [0., 0., 0., 0., 0., 0., 0., 0., 0., 0., 1., 0., 0.],
       [0., 0., 0., 0., 0., 0., 0., 0., 0., 0., 0., 1., 0.],
       [0., 0., 0., 0., 0., 0., 0., 0., 0., 0., 0., 0., 1.]]))
<<svd: SVDResult(U=array([[1., 0., 0., 0., 0., 0., 0., 0., 0., 0., 0., 0., 0.],
       [0., 1., 0., 0., 0., 0., 0., 0., 0., 0., 0., 0., 0.],
       [0., 0., 1., 0., 0., 0., 0., 0., 0., 0., 0., 0., 0.],
       [0., 0., 0., 1., 0., 0., 0., 0., 0., 0., 0., 0., 0.],
       [0., 0., 0., 0., 1., 0., 0., 0., 0., 0., 0., 0., 0.],
       [0., 0., 0., 0., 0., 1., 0., 0., 0., 0., 0., 0., 0.],
       [0., 0., 0., 0., 0., 0., 1., 0., 0., 0., 0., 0., 0.],
       [0., 0., 0., 0., 0., 0., 0., 1., 0., 0., 0., 0., 0.],
       [0., 0., 0., 0., 0., 0., 0., 0., 1., 0., 0., 0., 0.],
       [0., 0., 0., 0., 0., 0., 0., 0., 0., 1., 0., 0., 0.],
       [0., 0., 0., 0., 0., 0., 0., 0., 0., 0., 1., 0., 0.],
       [0., 0., 0., 0., 0., 0., 0., 0., 0., 0., 0., 1., 0.],
       [0., 0., 0., 0., 0., 0., 0., 0., 0., 0., 0., 0., 1.]]), S=array([1., 1., 1., 1., 1., 1., 1., 1., 1., 1., 1., 1., 1.]), Vh=array([[1., 0., 0., 0., 0., 0., 0., 0., 0., 0., 0., 0., 0.],
       [0., 1., 0., 0., 0., 0., 0., 0., 0., 0., 0., 0., 0.],
       [0., 0., 1., 0., 0., 0., 0., 0., 0., 0., 0., 0., 0.],
       [0., 0., 0., 1., 0., 0., 0., 0., 0., 0., 0., 0., 0.],
       [0., 0., 0., 0., 1., 0., 0., 0., 0., 0., 0., 0., 0.],
       [0., 0., 0., 0., 0., 1., 0., 0., 0., 0., 0., 0., 0.],
       [0., 0., 0., 0., 0., 0., 1., 0., 0., 0., 0., 0., 0.],
       [0., 0., 0., 0., 0., 0., 0., 1., 0., 0., 0., 0., 0.],
       [0., 0., 0., 0., 0., 0., 0., 0., 1., 0., 0., 0., 0.],
       [0., 0., 0., 0., 0., 0., 0., 0., 0., 1., 0., 0., 0.],
       [0., 0., 0., 0., 0., 0., 0., 0., 0., 0., 1., 0., 0.],
       [0., 0., 0., 0., 0., 0., 0., 0., 0., 0., 0., 1., 0.],
       [0., 0., 0., 0., 0., 0., 0., 0., 0., 0., 0., 0., 1.]]))
>>dot: /home/eugenio/.local/lib/python3.11/site-packages/numpy/core/multiarray.py
<<dot: (array([[1., 0., 0., 0., 0., 0., 0., 0., 0., 0., 0., 0., 0.],
       [0., 1., 0., 0., 0., 0., 0., 0., 0., 0., 0., 0., 0.],
       [0., 0., 1., 0., 0., 0., 0., 0., 0., 0., 0., 0., 0.],
       [0., 0., 0., 1., 0., 0., 0., 0., 0., 0., 0., 0., 0.],
       [0., 0., 0., 0., 1., 0., 0., 0., 0., 0., 0., 0., 0.],
       [0., 0., 0., 0., 0., 1., 0., 0., 0., 0., 0., 0., 0.],
       [0., 0., 0., 0., 0., 0., 1., 0., 0., 0., 0., 0., 0.],
       [0., 0., 0., 0., 0., 0., 0., 1., 0., 0., 0., 0., 0.],
       [0., 0., 0., 0., 0., 0., 0., 0., 1., 0., 0., 0., 0.],
       [0., 0., 0., 0., 0., 0., 0., 0., 0., 1., 0., 0., 0.],
       [0., 0., 0., 0., 0., 0., 0., 0., 0., 0., 1., 0., 0.],
       [0., 0., 0., 0., 0., 0., 0., 0., 0., 0., 0., 1., 0.],
       [0., 0., 0., 0., 0., 0., 0., 0., 0., 0., 0., 0., 1.]]), array([[1., 0., 0., 0., 0., 0., 0., 0., 0., 0., 0., 0., 0.],
       [0., 1., 0., 0., 0., 0., 0., 0., 0., 0., 0., 0., 0.],
       [0., 0., 1., 0., 0., 0., 0., 0., 0., 0., 0., 0., 0.],
       [0., 0., 0., 1., 0., 0., 0., 0., 0., 0., 0., 0., 0.],
       [0., 0., 0., 0., 1., 0., 0., 0., 0., 0., 0., 0., 0.],
       [0., 0., 0., 0., 0., 1., 0., 0., 0., 0., 0., 0., 0.],
       [0., 0., 0., 0., 0., 0., 1., 0., 0., 0., 0., 0., 0.],
       [0., 0., 0., 0., 0., 0., 0., 1., 0., 0., 0., 0., 0.],
       [0., 0., 0., 0., 0., 0., 0., 0., 1., 0., 0., 0., 0.],
       [0., 0., 0., 0., 0., 0., 0., 0., 0., 1., 0., 0., 0.],
       [0., 0., 0., 0., 0., 0., 0., 0., 0., 0., 1., 0., 0.],
       [0., 0., 0., 0., 0., 0., 0., 0., 0., 0., 0., 1., 0.],
       [0., 0., 0., 0., 0., 0., 0., 0., 0., 0., 0., 0., 1.]]), None)
>>_allclose_dispatcher: /home/eugenio/.local/lib/python3.11/site-packages/numpy/core/numeric.py
<<_allclose_dispatcher: (array([[1., 0., 0., 0., 0., 0., 0., 0., 0., 0., 0., 0., 0.],
       [0., 1., 0., 0., 0., 0., 0., 0., 0., 0., 0., 0., 0.],
       [0., 0., 1., 0., 0., 0., 0., 0., 0., 0., 0., 0., 0.],
       [0., 0., 0., 1., 0., 0., 0., 0., 0., 0., 0., 0., 0.],
       [0., 0., 0., 0., 1., 0., 0., 0., 0., 0., 0., 0., 0.],
       [0., 0., 0., 0., 0., 1., 0., 0., 0., 0., 0., 0., 0.],
       [0., 0., 0., 0., 0., 0., 1., 0., 0., 0., 0., 0., 0.],
       [0., 0., 0., 0., 0., 0., 0., 1., 0., 0., 0., 0., 0.],
       [0., 0., 0., 0., 0., 0., 0., 0., 1., 0., 0., 0., 0.],
       [0., 0., 0., 0., 0., 0., 0., 0., 0., 1., 0., 0., 0.],
       [0., 0., 0., 0., 0., 0., 0., 0., 0., 0., 1., 0., 0.],
       [0., 0., 0., 0., 0., 0., 0., 0., 0., 0., 0., 1., 0.],
       [0., 0., 0., 0., 0., 0., 0., 0., 0., 0., 0., 0., 1.]]), array([[1., 0., 0., 0., 0., 0., 0., 0., 0., 0., 0., 0., 0.],
       [0., 1., 0., 0., 0., 0., 0., 0., 0., 0., 0., 0., 0.],
       [0., 0., 1., 0., 0., 0., 0., 0., 0., 0., 0., 0., 0.],
       [0., 0., 0., 1., 0., 0., 0., 0., 0., 0., 0., 0., 0.],
       [0., 0., 0., 0., 1., 0., 0., 0., 0., 0., 0., 0., 0.],
       [0., 0., 0., 0., 0., 1., 0., 0., 0., 0., 0., 0., 0.],
       [0., 0., 0., 0., 0., 0., 1., 0., 0., 0., 0., 0., 0.],
       [0., 0., 0., 0., 0., 0., 0., 1., 0., 0., 0., 0., 0.],
       [0., 0., 0., 0., 0., 0., 0., 0., 1., 0., 0., 0., 0.],
       [0., 0., 0., 0., 0., 0., 0., 0., 0., 1., 0., 0., 0.],
       [0., 0., 0., 0., 0., 0., 0., 0., 0., 0., 1., 0., 0.],
       [0., 0., 0., 0., 0., 0., 0., 0., 0., 0., 0., 1., 0.],
       [0., 0., 0., 0., 0., 0., 0., 0., 0., 0., 0., 0., 1.]]))
>>allclose: /home/eugenio/.local/lib/python3.11/site-packages/numpy/core/numeric.py
>>>_isclose_dispatcher: /home/eugenio/.local/lib/python3.11/site-packages/numpy/core/numeric.py
<<<_isclose_dispatcher: (array([[1., 0., 0., 0., 0., 0., 0., 0., 0., 0., 0., 0., 0.],
       [0., 1., 0., 0., 0., 0., 0., 0., 0., 0., 0., 0., 0.],
       [0., 0., 1., 0., 0., 0., 0., 0., 0., 0., 0., 0., 0.],
       [0., 0., 0., 1., 0., 0., 0., 0., 0., 0., 0., 0., 0.],
       [0., 0., 0., 0., 1., 0., 0., 0., 0., 0., 0., 0., 0.],
       [0., 0., 0., 0., 0., 1., 0., 0., 0., 0., 0., 0., 0.],
       [0., 0., 0., 0., 0., 0., 1., 0., 0., 0., 0., 0., 0.],
       [0., 0., 0., 0., 0., 0., 0., 1., 0., 0., 0., 0., 0.],
       [0., 0., 0., 0., 0., 0., 0., 0., 1., 0., 0., 0., 0.],
       [0., 0., 0., 0., 0., 0., 0., 0., 0., 1., 0., 0., 0.],
       [0., 0., 0., 0., 0., 0., 0., 0., 0., 0., 1., 0., 0.],
       [0., 0., 0., 0., 0., 0., 0., 0., 0., 0., 0., 1., 0.],
       [0., 0., 0., 0., 0., 0., 0., 0., 0., 0., 0., 0., 1.]]), array([[1., 0., 0., 0., 0., 0., 0., 0., 0., 0., 0., 0., 0.],
       [0., 1., 0., 0., 0., 0., 0., 0., 0., 0., 0., 0., 0.],
       [0., 0., 1., 0., 0., 0., 0., 0., 0., 0., 0., 0., 0.],
       [0., 0., 0., 1., 0., 0., 0., 0., 0., 0., 0., 0., 0.],
       [0., 0., 0., 0., 1., 0., 0., 0., 0., 0., 0., 0., 0.],
       [0., 0., 0., 0., 0., 1., 0., 0., 0., 0., 0., 0., 0.],
       [0., 0., 0., 0., 0., 0., 1., 0., 0., 0., 0., 0., 0.],
       [0., 0., 0., 0., 0., 0., 0., 1., 0., 0., 0., 0., 0.],
       [0., 0., 0., 0., 0., 0., 0., 0., 1., 0., 0., 0., 0.],
       [0., 0., 0., 0., 0., 0., 0., 0., 0., 1., 0., 0., 0.],
       [0., 0., 0., 0., 0., 0., 0., 0., 0., 0., 1., 0., 0.],
       [0., 0., 0., 0., 0., 0., 0., 0., 0., 0., 0., 1., 0.],
       [0., 0., 0., 0., 0., 0., 0., 0., 0., 0., 0., 0., 1.]]))
>>>isclose: /home/eugenio/.local/lib/python3.11/site-packages/numpy/core/numeric.py
>>>>result_type: /home/eugenio/.local/lib/python3.11/site-packages/numpy/core/multiarray.py
<<<<result_type: (array([[1., 0., 0., 0., 0., 0., 0., 0., 0., 0., 0., 0., 0.],
       [0., 1., 0., 0., 0., 0., 0., 0., 0., 0., 0., 0., 0.],
       [0., 0., 1., 0., 0., 0., 0., 0., 0., 0., 0., 0., 0.],
       [0., 0., 0., 1., 0., 0., 0., 0., 0., 0., 0., 0., 0.],
       [0., 0., 0., 0., 1., 0., 0., 0., 0., 0., 0., 0., 0.],
       [0., 0., 0., 0., 0., 1., 0., 0., 0., 0., 0., 0., 0.],
       [0., 0., 0., 0., 0., 0., 1., 0., 0., 0., 0., 0., 0.],
       [0., 0., 0., 0., 0., 0., 0., 1., 0., 0., 0., 0., 0.],
       [0., 0., 0., 0., 0., 0., 0., 0., 1., 0., 0., 0., 0.],
       [0., 0., 0., 0., 0., 0., 0., 0., 0., 1., 0., 0., 0.],
       [0., 0., 0., 0., 0., 0., 0., 0., 0., 0., 1., 0., 0.],
       [0., 0., 0., 0., 0., 0., 0., 0., 0., 0., 0., 1., 0.],
       [0., 0., 0., 0., 0., 0., 0., 0., 0., 0., 0., 0., 1.]]), 1.0)
>>>>_all_dispatcher: /home/eugenio/.local/lib/python3.11/site-packages/numpy/core/fromnumeric.py
<<<<_all_dispatcher: (array([[ True,  True,  True,  True,  True,  True,  True,  True,  True,
         True,  True,  True,  True],
       [ True,  True,  True,  True,  True,  True,  True,  True,  True,
         True,  True,  True,  True],
       [ True,  True,  True,  True,  True,  True,  True,  True,  True,
         True,  True,  True,  True],
       [ True,  True,  True,  True,  True,  True,  True,  True,  True,
         True,  True,  True,  True],
       [ True,  True,  True,  True,  True,  True,  True,  True,  True,
         True,  True,  True,  True],
       [ True,  True,  True,  True,  True,  True,  True,  True,  True,
         True,  True,  True,  True],
       [ True,  True,  True,  True,  True,  True,  True,  True,  True,
         True,  True,  True,  True],
       [ True,  True,  True,  True,  True,  True,  True,  True,  True,
         True,  True,  True,  True],
       [ True,  True,  True,  True,  True,  True,  True,  True,  True,
         True,  True,  True,  True],
       [ True,  True,  True,  True,  True,  True,  True,  True,  True,
         True,  True,  True,  True],
       [ True,  True,  True,  True,  True,  True,  True,  True,  True,
         True,  True,  True,  True],
       [ True,  True,  True,  True,  True,  True,  True,  True,  True,
         True,  True,  True,  True],
       [ True,  True,  True,  True,  True,  True,  True,  True,  True,
         True,  True,  True,  True]]), None, None)
>>>>all: /home/eugenio/.local/lib/python3.11/site-packages/numpy/core/fromnumeric.py
>>>>>_wrapreduction: /home/eugenio/.local/lib/python3.11/site-packages/numpy/core/fromnumeric.py
>>>>>><dictcomp>: /home/eugenio/.local/lib/python3.11/site-packages/numpy/core/fromnumeric.py
<<<<<<<dictcomp>: {}
<<<<<_wrapreduction: True
<<<<all: True
>>>>_all_dispatcher: /home/eugenio/.local/lib/python3.11/site-packages/numpy/core/fromnumeric.py
<<<<_all_dispatcher: (array([[ True,  True,  True,  True,  True,  True,  True,  True,  True,
         True,  True,  True,  True],
       [ True,  True,  True,  True,  True,  True,  True,  True,  True,
         True,  True,  True,  True],
       [ True,  True,  True,  True,  True,  True,  True,  True,  True,
         True,  True,  True,  True],
       [ True,  True,  True,  True,  True,  True,  True,  True,  True,
         True,  True,  True,  True],
       [ True,  True,  True,  True,  True,  True,  True,  True,  True,
         True,  True,  True,  True],
       [ True,  True,  True,  True,  True,  True,  True,  True,  True,
         True,  True,  True,  True],
       [ True,  True,  True,  True,  True,  True,  True,  True,  True,
         True,  True,  True,  True],
       [ True,  True,  True,  True,  True,  True,  True,  True,  True,
         True,  True,  True,  True],
       [ True,  True,  True,  True,  True,  True,  True,  True,  True,
         True,  True,  True,  True],
       [ True,  True,  True,  True,  True,  True,  True,  True,  True,
         True,  True,  True,  True],
       [ True,  True,  True,  True,  True,  True,  True,  True,  True,
         True,  True,  True,  True],
       [ True,  True,  True,  True,  True,  True,  True,  True,  True,
         True,  True,  True,  True],
       [ True,  True,  True,  True,  True,  True,  True,  True,  True,
         True,  True,  True,  True]]), None, None)
>>>>all: /home/eugenio/.local/lib/python3.11/site-packages/numpy/core/fromnumeric.py
>>>>>_wrapreduction: /home/eugenio/.local/lib/python3.11/site-packages/numpy/core/fromnumeric.py
>>>>>><dictcomp>: /home/eugenio/.local/lib/python3.11/site-packages/numpy/core/fromnumeric.py
<<<<<<<dictcomp>: {}
<<<<<_wrapreduction: True
<<<<all: True
>>>>within_tol: /home/eugenio/.local/lib/python3.11/site-packages/numpy/core/numeric.py
>>>>>__init__: /home/eugenio/.local/lib/python3.11/site-packages/numpy/core/_ufunc_config.py
<<<<<__init__: None
>>>>>__enter__: /home/eugenio/.local/lib/python3.11/site-packages/numpy/core/_ufunc_config.py
>>>>>>seterr: /home/eugenio/.local/lib/python3.11/site-packages/numpy/core/_ufunc_config.py
>>>>>>>geterr: /home/eugenio/.local/lib/python3.11/site-packages/numpy/core/_ufunc_config.py
<<<<<<<geterr: {'divide': 'warn', 'over': 'warn', 'under': 'ignore', 'invalid': 'warn'}
<<<<<<seterr: {'divide': 'warn', 'over': 'warn', 'under': 'ignore', 'invalid': 'warn'}
<<<<<__enter__: None
>>>>>helper: /usr/lib/python3.11/contextlib.py
>>>>>>__init__: /usr/lib/python3.11/contextlib.py
<<<<<<__init__: None
<<<<<helper: <contextlib._GeneratorContextManager object at 0x7fa477a3b7d0>
>>>>>__enter__: /usr/lib/python3.11/contextlib.py
>>>>>>_no_nep50_warning: /home/eugenio/.local/lib/python3.11/site-packages/numpy/core/_ufunc_config.py
<<<<<<_no_nep50_warning: None
<<<<<__enter__: None
>>>>>__exit__: /usr/lib/python3.11/contextlib.py
>>>>>>_no_nep50_warning: /home/eugenio/.local/lib/python3.11/site-packages/numpy/core/_ufunc_config.py
<<<<<<_no_nep50_warning: None
<<<<<__exit__: False
>>>>>__exit__: /home/eugenio/.local/lib/python3.11/site-packages/numpy/core/_ufunc_config.py
>>>>>>seterr: /home/eugenio/.local/lib/python3.11/site-packages/numpy/core/_ufunc_config.py
>>>>>>>geterr: /home/eugenio/.local/lib/python3.11/site-packages/numpy/core/_ufunc_config.py
<<<<<<<geterr: {'divide': 'warn', 'over': 'warn', 'under': 'ignore', 'invalid': 'ignore'}
<<<<<<seterr: {'divide': 'warn', 'over': 'warn', 'under': 'ignore', 'invalid': 'ignore'}
<<<<<__exit__: None
<<<<within_tol: [[ True  True  True  True  True  True  True  True  True  True  True  True
   True]
 [ True  True  True  True  True  True  True  True  True  True  True  True
   True]
 [ True  True  True  True  True  True  True  True  True  True  True  True
   True]
 [ True  True  True  True  True  True  True  True  True  True  True  True
   True]
 [ True  True  True  True  True  True  True  True  True  True  True  True
   True]
 [ True  True  True  True  True  True  True  True  True  True  True  True
   True]
 [ True  True  True  True  True  True  True  True  True  True  True  True
   True]
 [ True  True  True  True  True  True  True  True  True  True  True  True
   True]
 [ True  True  True  True  True  True  True  True  True  True  True  True
   True]
 [ True  True  True  True  True  True  True  True  True  True  True  True
   True]
 [ True  True  True  True  True  True  True  True  True  True  True  True
   True]
 [ True  True  True  True  True  True  True  True  True  True  True  True
   True]
 [ True  True  True  True  True  True  True  True  True  True  True  True
   True]]
<<<isclose: [[ True  True  True  True  True  True  True  True  True  True  True  True
   True]
 [ True  True  True  True  True  True  True  True  True  True  True  True
   True]
 [ True  True  True  True  True  True  True  True  True  True  True  True
   True]
 [ True  True  True  True  True  True  True  True  True  True  True  True
   True]
 [ True  True  True  True  True  True  True  True  True  True  True  True
   True]
 [ True  True  True  True  True  True  True  True  True  True  True  True
   True]
 [ True  True  True  True  True  True  True  True  True  True  True  True
   True]
 [ True  True  True  True  True  True  True  True  True  True  True  True
   True]
 [ True  True  True  True  True  True  True  True  True  True  True  True
   True]
 [ True  True  True  True  True  True  True  True  True  True  True  True
   True]
 [ True  True  True  True  True  True  True  True  True  True  True  True
   True]
 [ True  True  True  True  True  True  True  True  True  True  True  True
   True]
 [ True  True  True  True  True  True  True  True  True  True  True  True
   True]]
>>>_all_dispatcher: /home/eugenio/.local/lib/python3.11/site-packages/numpy/core/fromnumeric.py
<<<_all_dispatcher: (array([[ True,  True,  True,  True,  True,  True,  True,  True,  True,
         True,  True,  True,  True],
       [ True,  True,  True,  True,  True,  True,  True,  True,  True,
         True,  True,  True,  True],
       [ True,  True,  True,  True,  True,  True,  True,  True,  True,
         True,  True,  True,  True],
       [ True,  True,  True,  True,  True,  True,  True,  True,  True,
         True,  True,  True,  True],
       [ True,  True,  True,  True,  True,  True,  True,  True,  True,
         True,  True,  True,  True],
       [ True,  True,  True,  True,  True,  True,  True,  True,  True,
         True,  True,  True,  True],
       [ True,  True,  True,  True,  True,  True,  True,  True,  True,
         True,  True,  True,  True],
       [ True,  True,  True,  True,  True,  True,  True,  True,  True,
         True,  True,  True,  True],
       [ True,  True,  True,  True,  True,  True,  True,  True,  True,
         True,  True,  True,  True],
       [ True,  True,  True,  True,  True,  True,  True,  True,  True,
         True,  True,  True,  True],
       [ True,  True,  True,  True,  True,  True,  True,  True,  True,
         True,  True,  True,  True],
       [ True,  True,  True,  True,  True,  True,  True,  True,  True,
         True,  True,  True,  True],
       [ True,  True,  True,  True,  True,  True,  True,  True,  True,
         True,  True,  True,  True]]), None, None)
>>>all: /home/eugenio/.local/lib/python3.11/site-packages/numpy/core/fromnumeric.py
>>>>_wrapreduction: /home/eugenio/.local/lib/python3.11/site-packages/numpy/core/fromnumeric.py
>>>>><dictcomp>: /home/eugenio/.local/lib/python3.11/site-packages/numpy/core/fromnumeric.py
<<<<<<dictcomp>: {}
<<<<_wrapreduction: True
<<<all: True
<<allclose: True
>>dot: /home/eugenio/.local/lib/python3.11/site-packages/numpy/core/multiarray.py
<<dot: (array([[ 0.31435976,  0.93924108,  0.04291676,  0.03899069,  0.61762134,
         0.41244999, -1.73970611, -0.90069498,  0.42223974, -1.10600733,
         0.43782638,  0.15639523,  0.36893529],
       [-0.8376313 ,  0.57895072, -0.58711142,  0.94303327, -0.82305646,
        -0.20746254, -0.50379265,  0.36878915,  0.76922335,  0.69978663,
        -1.94229029,  0.97527241, -0.20993836],
       [-0.8341647 , -0.69666118,  0.79866851,  0.17370935, -1.61098304,
         0.45220894, -2.00447163,  0.29154247,  0.22605977,  1.28053994,
        -0.52606687, -0.96040159,  0.46688141],
       [-1.14204707, -0.94653636, -0.23736569,  0.74198194,  0.23222573,
        -1.08379045,  0.51394933,  1.33141516,  0.15161701,  0.33346679,
         1.15236259, -1.15925966,  0.79457424],
       [ 0.15378477, -1.76486859,  2.00131684, -0.38848964, -1.6303966 ,
        -0.04466373, -0.14987154,  0.94914383, -0.64575282,  1.15026086,
        -0.21737803,  1.46005664,  0.63487554],
       [ 0.09366738,  0.96639801, -1.3985369 , -0.18114199, -1.97156022,
        -1.13824233,  0.92081429,  0.12809487,  1.14286798,  0.08953479,
         0.50889725, -2.10988751,  1.07458114],
       [-1.26508538, -0.86370179, -0.37161487, -0.51523766,  0.39510053,
        -0.64220703,  0.72465737, -0.2431062 , -0.54393151, -0.36489665,
        -0.6356973 , -0.49714913,  0.34873996],
       [ 0.91511801, -0.3673633 ,  0.67350077,  1.31167956,  0.11506439,
        -0.68955159, -1.22836877, -0.82147331,  0.61206878, -0.44395555,
         0.51075209,  0.66834472,  0.91980511],
       [-0.29128918, -0.16303924, -0.66469764, -1.14202333,  0.39607674,
         0.17931609,  0.44885227,  0.44213865, -2.62966186,  1.54407958,
        -0.82071444,  0.27398307,  2.20022555],
       [-1.94751871,  1.06481397, -0.07706159, -0.81466879, -0.33362805,
        -0.79350451, -2.03230273, -0.66680447, -0.23102827,  1.02784606,
        -1.30042741, -0.51805521,  1.1690742 ],
       [ 0.68644862, -0.45021986,  1.68633168,  0.58243752, -0.33686484,
         1.00111711, -0.197337  ,  0.60254711, -1.08633135, -0.71753519,
        -0.1995682 ,  1.32250283, -0.2121784 ],
       [-0.46831888,  0.39677468,  1.28171484,  0.56714158, -0.07316623,
        -0.18379678, -0.64672013, -1.91448913,  1.3589461 ,  0.15672699,
         0.83895089,  0.58292558,  1.25290182]]), array([[1., 0., 0., 0., 0., 0., 0., 0., 0., 0., 0., 0., 0.],
       [0., 1., 0., 0., 0., 0., 0., 0., 0., 0., 0., 0., 0.],
       [0., 0., 1., 0., 0., 0., 0., 0., 0., 0., 0., 0., 0.],
       [0., 0., 0., 1., 0., 0., 0., 0., 0., 0., 0., 0., 0.],
       [0., 0., 0., 0., 1., 0., 0., 0., 0., 0., 0., 0., 0.],
       [0., 0., 0., 0., 0., 1., 0., 0., 0., 0., 0., 0., 0.],
       [0., 0., 0., 0., 0., 0., 1., 0., 0., 0., 0., 0., 0.],
       [0., 0., 0., 0., 0., 0., 0., 1., 0., 0., 0., 0., 0.],
       [0., 0., 0., 0., 0., 0., 0., 0., 1., 0., 0., 0., 0.],
       [0., 0., 0., 0., 0., 0., 0., 0., 0., 1., 0., 0., 0.],
       [0., 0., 0., 0., 0., 0., 0., 0., 0., 0., 1., 0., 0.],
       [0., 0., 0., 0., 0., 0., 0., 0., 0., 0., 0., 1., 0.],
       [0., 0., 0., 0., 0., 0., 0., 0., 0., 0., 0., 0., 1.]]), None)
>>shrink_cov: /home/eugenio/Área de trabalho/Grad/TT/projetos-TT/analytic_shrinkage/nonlinshrink/nonlinshrink.py
>>>dot: /home/eugenio/.local/lib/python3.11/site-packages/numpy/core/multiarray.py
<<<dot: (array([[ 0.31435976, -0.8376313 , -0.8341647 , -1.14204707,  0.15378477,
         0.09366738, -1.26508538,  0.91511801, -0.29128918, -1.94751871,
         0.68644862, -0.46831888],
       [ 0.93924108,  0.57895072, -0.69666118, -0.94653636, -1.76486859,
         0.96639801, -0.86370179, -0.3673633 , -0.16303924,  1.06481397,
        -0.45021986,  0.39677468],
       [ 0.04291676, -0.58711142,  0.79866851, -0.23736569,  2.00131684,
        -1.3985369 , -0.37161487,  0.67350077, -0.66469764, -0.07706159,
         1.68633168,  1.28171484],
       [ 0.03899069,  0.94303327,  0.17370935,  0.74198194, -0.38848964,
        -0.18114199, -0.51523766,  1.31167956, -1.14202333, -0.81466879,
         0.58243752,  0.56714158],
       [ 0.61762134, -0.82305646, -1.61098304,  0.23222573, -1.6303966 ,
        -1.97156022,  0.39510053,  0.11506439,  0.39607674, -0.33362805,
        -0.33686484, -0.07316623],
       [ 0.41244999, -0.20746254,  0.45220894, -1.08379045, -0.04466373,
        -1.13824233, -0.64220703, -0.68955159,  0.17931609, -0.79350451,
         1.00111711, -0.18379678],
       [-1.73970611, -0.50379265, -2.00447163,  0.51394933, -0.14987154,
         0.92081429,  0.72465737, -1.22836877,  0.44885227, -2.03230273,
        -0.197337  , -0.64672013],
       [-0.90069498,  0.36878915,  0.29154247,  1.33141516,  0.94914383,
         0.12809487, -0.2431062 , -0.82147331,  0.44213865, -0.66680447,
         0.60254711, -1.91448913],
       [ 0.42223974,  0.76922335,  0.22605977,  0.15161701, -0.64575282,
         1.14286798, -0.54393151,  0.61206878, -2.62966186, -0.23102827,
        -1.08633135,  1.3589461 ],
       [-1.10600733,  0.69978663,  1.28053994,  0.33346679,  1.15026086,
         0.08953479, -0.36489665, -0.44395555,  1.54407958,  1.02784606,
        -0.71753519,  0.15672699],
       [ 0.43782638, -1.94229029, -0.52606687,  1.15236259, -0.21737803,
         0.50889725, -0.6356973 ,  0.51075209, -0.82071444, -1.30042741,
        -0.1995682 ,  0.83895089],
       [ 0.15639523,  0.97527241, -0.96040159, -1.15925966,  1.46005664,
        -2.10988751, -0.49714913,  0.66834472,  0.27398307, -0.51805521,
         1.32250283,  0.58292558],
       [ 0.36893529, -0.20993836,  0.46688141,  0.79457424,  0.63487554,
         1.07458114,  0.34873996,  0.91980511,  2.20022555,  1.1690742 ,
        -0.2121784 ,  1.25290182]]), array([[ 0.31435976,  0.93924108,  0.04291676,  0.03899069,  0.61762134,
         0.41244999, -1.73970611, -0.90069498,  0.42223974, -1.10600733,
         0.43782638,  0.15639523,  0.36893529],
       [-0.8376313 ,  0.57895072, -0.58711142,  0.94303327, -0.82305646,
        -0.20746254, -0.50379265,  0.36878915,  0.76922335,  0.69978663,
        -1.94229029,  0.97527241, -0.20993836],
       [-0.8341647 , -0.69666118,  0.79866851,  0.17370935, -1.61098304,
         0.45220894, -2.00447163,  0.29154247,  0.22605977,  1.28053994,
        -0.52606687, -0.96040159,  0.46688141],
       [-1.14204707, -0.94653636, -0.23736569,  0.74198194,  0.23222573,
        -1.08379045,  0.51394933,  1.33141516,  0.15161701,  0.33346679,
         1.15236259, -1.15925966,  0.79457424],
       [ 0.15378477, -1.76486859,  2.00131684, -0.38848964, -1.6303966 ,
        -0.04466373, -0.14987154,  0.94914383, -0.64575282,  1.15026086,
        -0.21737803,  1.46005664,  0.63487554],
       [ 0.09366738,  0.96639801, -1.3985369 , -0.18114199, -1.97156022,
        -1.13824233,  0.92081429,  0.12809487,  1.14286798,  0.08953479,
         0.50889725, -2.10988751,  1.07458114],
       [-1.26508538, -0.86370179, -0.37161487, -0.51523766,  0.39510053,
        -0.64220703,  0.72465737, -0.2431062 , -0.54393151, -0.36489665,
        -0.6356973 , -0.49714913,  0.34873996],
       [ 0.91511801, -0.3673633 ,  0.67350077,  1.31167956,  0.11506439,
        -0.68955159, -1.22836877, -0.82147331,  0.61206878, -0.44395555,
         0.51075209,  0.66834472,  0.91980511],
       [-0.29128918, -0.16303924, -0.66469764, -1.14202333,  0.39607674,
         0.17931609,  0.44885227,  0.44213865, -2.62966186,  1.54407958,
        -0.82071444,  0.27398307,  2.20022555],
       [-1.94751871,  1.06481397, -0.07706159, -0.81466879, -0.33362805,
        -0.79350451, -2.03230273, -0.66680447, -0.23102827,  1.02784606,
        -1.30042741, -0.51805521,  1.1690742 ],
       [ 0.68644862, -0.45021986,  1.68633168,  0.58243752, -0.33686484,
         1.00111711, -0.197337  ,  0.60254711, -1.08633135, -0.71753519,
        -0.1995682 ,  1.32250283, -0.2121784 ],
       [-0.46831888,  0.39677468,  1.28171484,  0.56714158, -0.07316623,
        -0.18379678, -0.64672013, -1.91448913,  1.3589461 ,  0.15672699,
         0.83895089,  0.58292558,  1.25290182]]), None)
>>>_eigvalsh_dispatcher: /home/eugenio/.local/lib/python3.11/site-packages/numpy/linalg/linalg.py
<<<_eigvalsh_dispatcher: (array([[ 0.81992238, -0.0394255 ,  0.1895329 ,  0.1715804 ,  0.12247041,
         0.2915268 ,  0.24809682, -0.01349871,  0.01803795, -0.42997524,
         0.36791348,  0.34905952, -0.33802825],
       [-0.0394255 ,  0.75406559, -0.47214479, -0.04045708,  0.10812456,
        -0.05274226, -0.20341036, -0.41236495,  0.35341881, -0.17322762,
        -0.08573724, -0.24287349, -0.00789292],
       [ 0.1895329 , -0.47214479,  1.04399166,  0.20769412, -0.19220057,
         0.28577086, -0.45746178, -0.06342741, -0.07413982,  0.03199943,
         0.10695139,  0.6904203 ,  0.023041  ],
       [ 0.1715804 , -0.04045708,  0.20769412,  0.52250329, -0.02833109,
        -0.02789162, -0.16180133, -0.05746208,  0.44582607, -0.22504148,
         0.1912568 ,  0.1713861 , -0.15046219],
       [ 0.12247041,  0.10812456, -0.19220057, -0.02833109,  0.90080633,
         0.12009374,  0.18601496, -0.22301839, -0.22867764, -0.41606701,
         0.18812102,  0.16873734, -0.21798439],
       [ 0.2915268 , -0.05274226,  0.28577086, -0.02789162,  0.12009374,
         0.4562977 , -0.0934845 ,  0.02822758, -0.25148466, -0.10686428,
        -0.07383481,  0.37967336, -0.29498607],
       [ 0.24809682, -0.20341036, -0.45746178, -0.16180133,  0.18601496,
        -0.0934845 ,  1.27131041,  0.41354044, -0.23912207, -0.16570533,
         0.2539989 , -0.18659478, -0.26692491],
       [-0.01349871, -0.41236495, -0.06342741, -0.05746208, -0.22301839,
         0.02822758,  0.41354044,  0.76038067, -0.41090137,  0.24109381,
        -0.11317125, -0.06415266, -0.1374242 ],
       [ 0.01803795,  0.35341881, -0.07413982,  0.44582607, -0.22867764,
        -0.25148466, -0.23912207, -0.41090137,  1.1027551 , -0.30064873,
         0.32854143, -0.2913844 , -0.22592396],
       [-0.42997524, -0.17322762,  0.03199943, -0.22504148, -0.41606701,
        -0.10686428, -0.16570533,  0.24109381, -0.30064873,  0.75878068,
        -0.38843933, -0.05822333,  0.46219218],
       [ 0.36791348, -0.08573724,  0.10695139,  0.1912568 ,  0.18812102,
        -0.07383481,  0.2539989 , -0.11317125,  0.32854143, -0.38843933,
         0.80403562, -0.22634982, -0.02802712],
       [ 0.34905952, -0.24287349,  0.6904203 ,  0.1713861 ,  0.16873734,
         0.37967336, -0.18659478, -0.06415266, -0.2913844 , -0.05822333,
        -0.22634982,  1.07928053, -0.16404644],
       [-0.33802825, -0.00789292,  0.023041  , -0.15046219, -0.21798439,
        -0.29498607, -0.26692491, -0.1374242 , -0.22592396,  0.46219218,
        -0.02802712, -0.16404644,  0.948123  ]]),)
>>>eigh: /home/eugenio/.local/lib/python3.11/site-packages/numpy/linalg/linalg.py
>>>>_makearray: /home/eugenio/.local/lib/python3.11/site-packages/numpy/linalg/linalg.py
<<<<_makearray: (array([[ 0.81992238, -0.0394255 ,  0.1895329 ,  0.1715804 ,  0.12247041,
         0.2915268 ,  0.24809682, -0.01349871,  0.01803795, -0.42997524,
         0.36791348,  0.34905952, -0.33802825],
       [-0.0394255 ,  0.75406559, -0.47214479, -0.04045708,  0.10812456,
        -0.05274226, -0.20341036, -0.41236495,  0.35341881, -0.17322762,
        -0.08573724, -0.24287349, -0.00789292],
       [ 0.1895329 , -0.47214479,  1.04399166,  0.20769412, -0.19220057,
         0.28577086, -0.45746178, -0.06342741, -0.07413982,  0.03199943,
         0.10695139,  0.6904203 ,  0.023041  ],
